{"label": "component 2: head |1>", "fidelity_vs_ideal": 0.3224332089052708, "purity": 0.17143437891830637, "rho_real": [[0.06102611400462962, 0.007016782407407408, 0.0018265335648148147, 0.015570746527777778, 0.005181206597222222, 0.010796440972222222, 0.002468532986111112, 0.014567057291666666, -0.002360026041666666, -0.004720052083333334, 0.0016276041666666663, -0.00244140625, -0.002278645833333334, -0.009195963541666668, 0.005696614583333334, -0.009765625], [0.007016782407407408, 0.3239565248842593, -0.020290798611111112, -0.008318865740740741, 0.0010308159722222216, -0.010118272569444446, -0.002197265625, -0.0007866753472222229, -0.0010308159722222216, 0.020480685763888888, 0.0013020833333333326, -0.005208333333333334, -0.010986328125, -0.025065104166666668, -0.0048828125, 0.014973958333333334], [0.0018265335648148147, -0.020290798611111112, 0.07124385127314814, -0.006872106481481482, -0.007025824652777778, -0.010172526041666668, 0.000515407986111111, 0.004123263888888888, 0.0014105902777777775, -0.019205729166666668, 0.002848307291666666, 0.005696614583333334, 0.015787760416666664, -0.00927734375, -0.007324218750000001, 0.003011067708333333], [0.015570746527777778, -0.008318865740740741, -0.006872106481481482, 0.04348415798611112, 0.001383463541666667, -0.015814887152777776, 0.0008680555555555557, -0.004041883680555556, 0.00439453125, -0.007378472222222222, -0.004937065972222222, -0.003933376736111111, -0.01123046875, -0.017903645833333336, -0.005615234375, 0.003092447916666668], [0.005181206597222222, 0.0010308159722222216, -0.007025824652777778, 0.001383463541666667, 0.03221752025462963, -0.0012839988425925927, -0.001971209490740741, 0.00271267361111111, -0.002821180555555556, -0.002034505208333333, -0.0003255208333333339, 0.00830078125, -0.00436740451388889, -0.0003255208333333335, -0.0008138020833333333, 0.01025390625], [0.010796440972222222, -0.010118272569444446, -0.010172526041666668, -0.015814887152777776, -0.0012839988425925927, 0.05925383391203706, 0.008843315972222222, 0.008716724537037037, -0.0012207031249999998, 0.006944444444444443, 0.00048828125, -0.007649739583333334, -0.0018446180555555555, 0.0028483072916666644, -0.016276041666666668, 0.007975260416666668], [0.002468532986111112, -0.002197265625, 0.000515407986111111, 0.0008680555555555557, -0.001971209490740741, 0.008843315972222222, 0.06619827835648147, 0.0020797164351851853, -0.013346354166666666, -0.0126953125, -0.008843315972222224, 0.00040690104166666674, 0.0032009548611111114, 0.006184895833333332, -0.0007866753472222229, 0.002278645833333333], [0.014567057291666666, -0.0007866753472222229, 0.004123263888888888, -0.004041883680555556, 0.00271267361111111, 0.008716724537037037, 0.0020797164351851853, 0.04082573784722223, 0.0078125, 0.002766927083333334, 0.004150390625, 0.004828559027777776, -0.01220703125, 0.004177517361111111, 0.0020616319444444445, 0.002197265625], [-0.002360026041666666, -0.0010308159722222216, 0.0014105902777777775, 0.00439453125, -0.002821180555555556, -0.0012207031249999998, -0.013346354166666666, 0.0078125, 0.037299262152777776, -0.005407262731481482, -0.0007233796296296294, 0.004014756944444446, -0.004313151041666666, -0.01003689236111111, -0.009250217013888888, -8.138020833333391e-05], [-0.004720052083333334, 0.020480685763888888, -0.019205729166666668, -0.007378472222222222, -0.002034505208333333, 0.006944444444444443, -0.0126953125, 0.002766927083333334, -0.005407262731481482, 0.02993887442129632, 0.001030815972222222, 0.0008499710648148151, -0.004503038194444444, -0.007568359375, -0.003173828125, 0.002143012152777777], [0.0016276041666666663, 0.0013020833333333326, 0.002848307291666666, -0.004937065972222222, -0.0003255208333333339, 0.00048828125, -0.008843315972222224, 0.004150390625, -0.0007233796296296294, 0.001030815972222222, 0.026249638310185175, 0.011302806712962962, 0.00436740451388889, 0.009358723958333334, -0.0034450954861111114, -0.002061631944444445], [-0.00244140625, -0.005208333333333334, 0.005696614583333334, -0.003933376736111111, 0.00830078125, -0.007649739583333334, 0.00040690104166666674, 0.004828559027777776, 0.004014756944444446, 0.0008499710648148151, 0.011302806712962962, 0.04069914641203704, 0.009195963541666666, 0.000461154513888889, -0.0017361111111111114, 0.013807508680555554], [-0.002278645833333334, -0.010986328125, 0.015787760416666664, -0.01123046875, -0.00436740451388889, -0.0018446180555555555, 0.0032009548611111114, -0.01220703125, -0.004313151041666666, -0.004503038194444444, 0.00436740451388889, 0.009195963541666666, 0.03681098090277778, 0.006474247685185185, 0.003942418981481481, -0.003960503472222222], [-0.009195963541666668, -0.025065104166666668, -0.00927734375, -0.017903645833333336, -0.0003255208333333335, 0.0028483072916666644, 0.006184895833333332, 0.004177517361111111, -0.01003689236111111, -0.007568359375, 0.009358723958333334, 0.000461154513888889, 0.006474247685185185, 0.05267107928240744, -0.005967881944444446, -0.008807146990740741], [0.005696614583333334, -0.0048828125, -0.007324218750000001, -0.005615234375, -0.0008138020833333333, -0.016276041666666668, -0.0007866753472222229, 0.0020616319444444445, -0.009250217013888888, -0.003173828125, -0.0034450954861111114, -0.0017361111111111114, 0.003942418981481481, -0.005967881944444446, 0.041711877893518524, -0.0025318287037037037], [-0.009765625, 0.014973958333333334, 0.003011067708333333, 0.003092447916666668, 0.01025390625, 0.007975260416666668, 0.002278645833333333, 0.002197265625, -8.138020833333391e-05, 0.002143012152777777, -0.002061631944444445, 0.013807508680555554, -0.003960503472222222, -0.008807146990740741, -0.0025318287037037037, 0.03641312210648148]], "rho_imag": [[0.0, -0.013066044560185185, 0.017532913773148147, 0.0007324218749999991, 0.00196216724537037, -0.001302083333333333, 0.008761935763888888, -0.0041503906250000035, 0.0019350405092592592, -0.01022677951388889, -0.008327907986111112, 0.003336588541666666, -0.002224392361111111, 0.012613932291666668, 0.00830078125, 0.01953125], [0.013066044560185185, 0.0, -0.020317925347222224, -0.011601200810185185, -0.0012478298611111108, 0.008092809606481483, -0.03507486979166667, -0.007188585069444444, -0.007459852430555554, -0.016294126157407406, 8.138020833333304e-05, -0.002468532986111111, -0.001383463541666667, -0.006944444444444444, 0.00048828125, 0.001953125], [-0.017532913773148147, 0.020317925347222224, 0.0, 0.009449146412037038, -0.007025824652777778, 0.022054036458333332, -0.010895905671296294, 0.007486979166666667, -0.006483289930555558, 0.005940755208333334, -0.006691261574074075, -0.007134331597222223, -0.0009765625, -0.00048828125, 0.009168836805555554, -0.004964192708333333], [-0.0007324218749999991, 0.011601200810185185, -0.009449146412037038, 0.0, 0.001871744791666667, -0.001491970486111111, 0.005913628472222222, 0.0017451533564814808, -0.013916015625, -0.0002983940972222216, 0.005398220486111111, 0.0017722800925925927, -0.009765625, -0.00048828125, -0.0023600260416666674, -0.004340277777777777], [-0.00196216724537037, 0.0012478298611111108, 0.007025824652777778, -0.001871744791666667, 0.0, 0.001311125578703704, -0.010570384837962963, 0.002685546875, -0.010959201388888888, -0.0031738281249999996, -0.004069010416666667, -0.0048828125, 0.0031828703703703706, 0.001166449652777778, 0.005995008680555555, -0.008382161458333332], [0.001302083333333333, -0.008092809606481483, -0.022054036458333332, 0.001491970486111111, -0.001311125578703704, 0.0, -0.011528862847222224, 0.0035897714120370367, -0.016845703125000003, 0.003851996527777778, -0.00537109375, -0.001627604166666667, 0.003607855902777778, 0.010344328703703703, -0.004801432291666666, -0.006700303819444444], [-0.008761935763888888, 0.03507486979166667, 0.010895905671296294, -0.005913628472222222, 0.010570384837962963, 0.011528862847222224, 0.0, -0.0031919126157407404, -0.000651041666666667, 0.01123046875, 0.01443142361111111, 0.014404296874999998, -0.0006239149305555559, -0.011637369791666666, -0.0025137442129629633, 0.009141710069444444], [0.0041503906250000035, 0.007188585069444444, -0.007486979166666667, -0.0017451533564814808, -0.002685546875, -0.0035897714120370367, 0.0031919126157407404, 0.0, -0.0029296875, -0.003092447916666667, 0.009521484375, -0.006890190972222222, 0.004638671875, 0.0006781684027777775, -0.005995008680555556, -0.0038158275462962963], [-0.0019350405092592592, 0.007459852430555554, 0.006483289930555558, 0.013916015625, 0.010959201388888888, 0.016845703125000003, 0.000651041666666667, 0.0029296875, 0.0, -0.011709707754629633, -0.00389720775462963, 0.006754557291666665, 0.001690899884259259, 0.005859374999999999, 0.003228081597222222, 0.000732421875], [0.01022677951388889, 0.016294126157407406, -0.005940755208333334, 0.0002983940972222216, 0.0031738281249999996, -0.003851996527777778, -0.01123046875, 0.003092447916666667, 0.011709707754629633, 0.0, -0.004855685763888888, -0.0024323640046296294, 0.01274956597222222, -0.0016185619212962968, 0.005940755208333333, -0.001003689236111111], [0.008327907986111112, -8.138020833333304e-05, 0.006691261574074075, -0.005398220486111111, 0.004069010416666667, 0.00537109375, -0.01443142361111111, -0.009521484375, 0.00389720775462963, 0.004855685763888888, 0.0, 0.0033185040509259266, -0.002794053819444445, -0.021891276041666668, -0.0056333188657407395, -0.0166015625], [-0.003336588541666666, 0.002468532986111111, 0.007134331597222223, -0.0017722800925925927, 0.0048828125, 0.001627604166666667, -0.014404296874999998, 0.006890190972222222, -0.006754557291666665, 0.0024323640046296294, -0.0033185040509259266, 0.0, -0.013753255208333332, 0.012505425347222224, -0.007432725694444444, 0.0014738859953703702], [0.002224392361111111, 0.001383463541666667, 0.0009765625, 0.009765625, -0.0031828703703703706, -0.003607855902777778, 0.0006239149305555559, -0.004638671875, -0.001690899884259259, -0.01274956597222222, 0.002794053819444445, 0.013753255208333332, 0.0, 0.001039858217592593, 0.007387514467592593, 0.0008951822916666652], [-0.012613932291666668, 0.006944444444444444, 0.00048828125, 0.00048828125, -0.001166449652777778, -0.010344328703703703, 0.011637369791666666, -0.0006781684027777775, -0.005859374999999999, 0.0016185619212962968, 0.021891276041666668, -0.012505425347222224, -0.001039858217592593, 0.0, 0.013699001736111112, -0.0025408709490740743], [-0.00830078125, -0.00048828125, -0.009168836805555554, 0.0023600260416666674, -0.005995008680555555, 0.004801432291666666, 0.0025137442129629633, 0.005995008680555556, -0.003228081597222222, -0.005940755208333333, 0.0056333188657407395, 0.007432725694444444, -0.007387514467592593, -0.013699001736111112, 0.0, 0.006627965856481482], [-0.01953125, -0.001953125, 0.004964192708333333, 0.004340277777777777, 0.008382161458333332, 0.006700303819444444, -0.009141710069444444, 0.0038158275462962963, -0.000732421875, 0.001003689236111111, 0.0166015625, -0.0014738859953703702, -0.0008951822916666652, 0.0025408709490740743, -0.006627965856481482, 0.0]]}