{"label": "component 4: right ear", "fidelity_vs_ideal": 0.31803124550044115, "purity": 0.16218704255029498, "rho_real": [[0.08506040219907407, 0.051007306134259266, -0.0067093460648148156, -0.039957682291666664, -0.021267361111111112, 0.0025227864583333356, 0.015706380208333336, 0.018147786458333336, 0.0015281394675925922, 0.0007052951388888881, -0.014811197916666668, 0.007161458333333334, 0.007839626736111112, 0.016194661458333332, 0.0029296875, 0.006103515625], [0.051007306134259266, 0.13162796585648148, 0.035834418402777776, -0.01148365162037037, -0.03957790798611111, -0.012478298611111112, 0.021728515625000003, 0.028238932291666668, 0.019911024305555556, -0.0057960792824074065, -0.021158854166666664, 0.009277343750000002, -0.006429036458333334, 0.007514105902777778, 0.006103515625, -0.01611328125], [-0.0067093460648148156, 0.035834418402777776, 0.09726743344907407, 0.010534215856481483, -0.017116970486111112, -0.026936848958333336, -0.008626302083333332, 0.013264973958333336, 0.013509114583333332, 0.010579427083333332, 0.003915292245370371, -0.0007595486111111119, -0.010904947916666666, -0.000244140625, -0.004204644097222222, -0.004801432291666666], [-0.039957682291666664, -0.01148365162037037, 0.010534215856481483, 0.07927336516203703, 0.031005859375, -0.01532660590277778, -0.023627387152777776, -0.009928385416666666, 0.005371093749999999, 0.008626302083333332, -0.014105902777777778, -0.006013093171296296, 0.003662109375, 0.000325520833333335, 0.012613932291666666, -0.009412977430555556], [-0.021267361111111112, -0.03957790798611111, -0.017116970486111112, 0.031005859375, 0.08569335937499999, 0.0031557436342592587, -0.012568721064814815, -0.015706380208333336, -0.002631293402777778, 0.016520182291666664, 0.009765625000000002, -0.003173828125, 0.00196216724537037, -0.008246527777777778, -0.002604166666666668, -0.017252604166666664], [0.0025227864583333356, -0.012478298611111112, -0.026936848958333336, -0.01532660590277778, 0.0031557436342592587, 0.048276548032407406, 0.00995551215277778, -0.013111255787037038, -0.007080078125, -0.011420355902777778, -0.012939453125, -0.00439453125, -0.007269965277777778, -0.0011302806712962955, 0.012044270833333332, -0.003906249999999999], [0.015706380208333336, 0.021728515625000003, -0.008626302083333332, -0.023627387152777776, -0.012568721064814815, 0.00995551215277778, 0.062201605902777776, 0.01444046585648148, -0.00146484375, -0.009521484375, -0.010118272569444444, -0.006429036458333333, 0.004231770833333332, -0.011881510416666668, -0.004765263310185185, 0.010796440972222222], [0.018147786458333336, 0.028238932291666668, 0.013264973958333336, -0.009928385416666666, -0.015706380208333336, -0.013111255787037038, 0.01444046585648148, 0.06178566261574075, -0.003662109375, -0.0009765624999999993, 0.006103515625, -0.00035264756944444406, -0.00439453125, -0.002604166666666667, 0.01047092013888889, 0.0032099971064814816], [0.0015281394675925922, 0.019911024305555556, 0.013509114583333332, 0.005371093749999999, -0.002631293402777778, -0.007080078125, -0.00146484375, -0.003662109375, 0.051821108217592594, 0.0004430700231481486, 0.005931712962962962, 0.0004069010416666661, -0.009765624999999997, -0.008707682291666668, -0.005452473958333333, -0.004313151041666666], [0.0007052951388888881, -0.0057960792824074065, 0.010579427083333332, 0.008626302083333332, 0.016520182291666664, -0.011420355902777778, -0.009521484375, -0.0009765624999999993, 0.0004430700231481486, 0.0441351996527778, -0.012017144097222222, -0.005353009259259259, 0.00518120659722222, 0.001302083333333333, 0.008056640625, 0.014892578125], [-0.014811197916666668, -0.021158854166666664, 0.003915292245370371, -0.014105902777777778, 0.009765625000000002, -0.012939453125, -0.010118272569444444, 0.006103515625, 0.005931712962962962, -0.012017144097222222, 0.039288556134259266, 0.0042408130787037045, -0.000515407986111111, -0.0005696614583333356, 0.008083767361111112, 0.004964192708333334], [0.007161458333333334, 0.009277343750000002, -0.0007595486111111119, -0.006013093171296296, -0.003173828125, -0.00439453125, -0.006429036458333333, -0.00035264756944444406, 0.0004069010416666661, -0.005353009259259259, 0.0042408130787037045, 0.045817057291666664, -0.004150390625, -0.004584418402777777, -0.013047960069444446, -0.006564670138888888], [0.007839626736111112, -0.006429036458333334, -0.010904947916666666, 0.003662109375, 0.00196216724537037, -0.007269965277777778, 0.004231770833333332, -0.00439453125, -0.009765624999999997, 0.00518120659722222, -0.000515407986111111, -0.004150390625, 0.04355649594907408, 0.005325882523148149, 0.0016999421296296294, 0.005126953125], [0.016194661458333332, 0.007514105902777778, -0.000244140625, 0.000325520833333335, -0.008246527777777778, -0.0011302806712962955, -0.011881510416666668, -0.002604166666666667, -0.008707682291666668, 0.001302083333333333, -0.0005696614583333356, -0.004584418402777777, 0.005325882523148149, 0.04758933738425926, 0.007025824652777778, 0.0005063657407407397], [0.0029296875, 0.006103515625, -0.004204644097222222, 0.012613932291666666, -0.002604166666666668, 0.012044270833333332, -0.004765263310185185, 0.01047092013888889, -0.005452473958333333, 0.008056640625, 0.008083767361111112, -0.013047960069444446, 0.0016999421296296294, 0.007025824652777778, 0.038944950810185196, -0.009431061921296295], [0.006103515625, -0.01611328125, -0.004801432291666666, -0.009412977430555556, -0.017252604166666664, -0.003906249999999999, 0.010796440972222222, 0.0032099971064814816, -0.004313151041666666, 0.014892578125, 0.004964192708333334, -0.006564670138888888, 0.005126953125, 0.0005063657407407397, -0.009431061921296295, 0.0376609519675926]], "rho_imag": [[0.0, -0.03185583043981482, -0.038755063657407406, -0.017469618055555556, 0.019630714699074073, 0.028564453125, 0.011908637152777776, -0.019856770833333332, -0.011013454861111114, -0.016167534722222224, -0.009168836805555556, 0.013102213541666666, -0.0029296875, 0.0005696614583333337, 0.004069010416666667, 0.001953125], [0.03185583043981482, 0.0, -0.05088975694444445, -0.05063657407407407, -0.009467230902777776, 0.027009186921296297, 0.029134114583333332, -0.008436414930555556, -0.010633680555555554, -0.017144097222222224, -0.011311848958333332, 0.010036892361111108, -0.016194661458333336, 0.003092447916666667, 0.009765625, 0.002115885416666667], [0.038755063657407406, 0.05088975694444445, 0.0, -0.027515552662037035, -0.03963216145833333, -0.015462239583333332, 0.023102936921296297, 0.022705078125, -0.007269965277777777, -0.009521484375, -0.004340277777777779, 0.003851996527777779, 0.005208333333333333, -0.001953125, -0.002441406250000001, -0.004801432291666666], [0.017469618055555556, 0.05063657407407407, 0.027515552662037035, 0.0, -0.023111979166666668, -0.003011067708333332, 0.015272352430555556, 0.02559859664351852, 0.017171223958333332, 0.011610243055555556, -0.011447482638888888, -0.0033094618055555546, -0.009765625, -0.004557291666666667, -0.0030110677083333343, 0.001627604166666666], [-0.019630714699074073, 0.009467230902777776, 0.03963216145833333, 0.023111979166666668, 0.0, -0.01910626446759259, -0.02106843171296296, -5.425347222222333e-05, 0.00927734375, 0.006266276041666667, 0.007161458333333333, 0.00146484375, -0.004828559027777779, -0.00558810763888889, -0.002332899305555555, -0.001057942708333334], [-0.028564453125, -0.027009186921296297, 0.015462239583333332, 0.003011067708333332, 0.01910626446759259, 0.0, 5.425347222222333e-05, -0.005280671296296294, -0.008870442708333334, 0.002929687500000001, 0.02001953125, 0.016927083333333332, -0.0013563368055555557, -0.009331597222222224, 0.012613932291666668, 0.005154079861111111], [-0.011908637152777776, -0.029134114583333332, -0.023102936921296297, -0.015272352430555556, 0.02106843171296296, -5.425347222222333e-05, 0.0, -0.016068070023148143, -0.005696614583333333, 0.01123046875, -0.007161458333333334, 0.004801432291666667, 0.01519097222222222, -0.011962890625, -0.008246527777777776, 0.004665798611111111], [0.019856770833333332, 0.008436414930555556, -0.022705078125, -0.02559859664351852, 5.425347222222333e-05, 0.005280671296296294, 0.016068070023148143, 0.0, -0.00732421875, -0.007649739583333333, 0.0023600260416666665, 0.004069010416666666, 0.002034505208333334, -0.020616319444444444, 0.005642361111111111, 0.01003689236111111], [0.011013454861111114, 0.010633680555555554, 0.007269965277777777, -0.017171223958333332, -0.00927734375, 0.008870442708333334, 0.005696614583333333, 0.00732421875, 0.0, -0.005488642939814815, -0.011248553240740741, 0.007921006944444442, -0.0019621672453703698, 0.006917317708333332, 0.008002387152777776, 0.015299479166666668], [0.016167534722222224, 0.017144097222222224, 0.009521484375, -0.011610243055555556, -0.006266276041666667, -0.002929687500000001, -0.01123046875, 0.007649739583333333, 0.005488642939814815, 0.0, -0.014105902777777781, 0.0022605613425925953, 0.003390842013888889, 0.007694950810185185, -0.005045572916666667, -0.002577039930555556], [0.009168836805555556, 0.011311848958333332, 0.004340277777777779, 0.011447482638888888, -0.007161458333333333, -0.02001953125, 0.007161458333333334, -0.0023600260416666665, 0.011248553240740741, 0.014105902777777781, 0.0, -0.0017994068287037028, 0.002360026041666668, 0.00016276041666666782, -0.004023799189814815, -0.004801432291666668], [-0.013102213541666666, -0.010036892361111108, -0.003851996527777779, 0.0033094618055555546, -0.00146484375, -0.016927083333333332, -0.004801432291666667, -0.004069010416666666, -0.007921006944444442, -0.0022605613425925953, 0.0017994068287037028, 0.0, -0.010416666666666668, -0.009847005208333332, -0.003119574652777778, 0.0027036313657407404], [0.0029296875, 0.016194661458333336, -0.005208333333333333, 0.009765625, 0.004828559027777779, 0.0013563368055555557, -0.01519097222222222, -0.002034505208333334, 0.0019621672453703698, -0.003390842013888889, -0.002360026041666668, 0.010416666666666668, 0.0, 0.001727068865740741, 0.008716724537037035, -0.002983940972222224], [-0.0005696614583333337, -0.003092447916666667, 0.001953125, 0.004557291666666667, 0.00558810763888889, 0.009331597222222224, 0.011962890625, 0.020616319444444444, -0.006917317708333332, -0.007694950810185185, -0.00016276041666666782, 0.009847005208333332, -0.001727068865740741, 0.0, 0.008517795138888888, -0.010651765046296297], [-0.004069010416666667, -0.009765625, 0.002441406250000001, 0.0030110677083333343, 0.002332899305555555, -0.012613932291666668, 0.008246527777777776, -0.005642361111111111, -0.008002387152777776, 0.005045572916666667, 0.004023799189814815, 0.003119574652777778, -0.008716724537037035, -0.008517795138888888, 0.0, 0.0021610966435185192], [-0.001953125, -0.002115885416666667, 0.004801432291666666, -0.001627604166666666, 0.001057942708333334, -0.005154079861111111, -0.004665798611111111, -0.01003689236111111, -0.015299479166666668, 0.002577039930555556, 0.004801432291666668, -0.0027036313657407404, 0.002983940972222224, 0.010651765046296297, -0.0021610966435185192, 0.0]]}