{"label": "component 5: muzzle", "fidelity_vs_ideal": 0.3147073243028559, "purity": 0.16422427927025063, "rho_real": [[0.1923737702546296, 0.00972945601851852, -0.08144350405092592, -0.01394314236111111, 0.02879050925925926, -0.0244140625, -0.015733506944444444, 0.0030924479166666696, -0.010009765624999998, 0.002821180555555556, 0.0027669270833333335, 0.002522786458333334, -0.0166015625, -0.001627604166666666, 0.004964192708333334, 0.000244140625], [0.00972945601851852, 0.1187156394675926, -0.0004340277777777784, -0.018509476273148147, -0.003634982638888888, 0.030472366898148147, 0.014811197916666666, 0.00851779513888889, 0.002821180555555555, -0.013916015625, 0.008219401041666664, 0.012532552083333334, -0.000651041666666667, -0.013509114583333336, 0.011474609375, 0.004964192708333334], [-0.08144350405092592, -0.0004340277777777784, 0.09365053530092592, 0.011140046296296297, -0.018391927083333332, 0.008951822916666666, 0.011429398148148149, 0.010091145833333334, -0.00027126736111111134, 0.005940755208333333, -0.000949435763888889, 0.009006076388888888, 0.016031901041666664, -0.004150390625, 0.010904947916666666, 0.005696614583333334], [-0.01394314236111111, -0.018509476273148147, 0.011140046296296297, 0.07142469618055557, -0.00439453125, 0.010742187499999998, -0.006890190972222222, -0.007722077546296297, 0.013264973958333334, 0.008517795138888886, -0.011501736111111112, -0.0006239149305555542, 0.000244140625, 0.002360026041666666, -0.015787760416666668, -0.005533854166666668], [0.02879050925925926, -0.003634982638888888, -0.018391927083333332, -0.00439453125, 0.06258138020833333, -0.002423321759259259, -0.007713035300925925, -0.003038194444444444, 0.003580729166666668, -0.003255208333333334, -0.0033365885416666665, -0.015869140625, -0.003879123263888888, -0.005805121527777778, 0.003743489583333333, 0.007893880208333334], [-0.0244140625, 0.030472366898148147, 0.008951822916666666, 0.010742187499999998, -0.002423321759259259, 0.04328522858796297, -0.000922309027777778, 0.005741825810185185, 0.007161458333333332, -0.005045572916666666, -0.013427734375, -0.005289713541666666, 0.001681857638888889, 0.008165147569444444, -0.005940755208333333, 0.008626302083333332], [-0.015733506944444444, 0.014811197916666666, 0.011429398148148149, -0.006890190972222222, -0.007713035300925925, -0.000922309027777778, 0.04664894386574075, -0.010452835648148149, 0.010660807291666666, 0.003173828125, -0.005045572916666666, -0.001790364583333333, 5.4253472222221704e-05, 0.009358723958333334, -0.001654730902777778, -0.006456163194444445], [0.0030924479166666696, 0.00851779513888889, 0.010091145833333334, -0.007722077546296297, -0.003038194444444444, 0.005741825810185185, -0.010452835648148149, 0.06055591724537037, 0.006591796875, -0.006917317708333334, 0.001790364583333334, 0.0019531249999999996, 0.003011067708333334, 5.425347222222149e-05, 0.005913628472222222, -0.01076931423611111], [-0.010009765624999998, 0.002821180555555555, -0.00027126736111111134, 0.013264973958333334, 0.003580729166666668, 0.007161458333333332, 0.010660807291666666, 0.006591796875, 0.04241717303240739, 0.0006148726851851853, -0.000605830439814813, 0.0008680555555555555, 0.015932436342592594, -0.001627604166666666, 0.00656467013888889, 0.006510416666666668], [0.002821180555555556, -0.013916015625, 0.005940755208333333, 0.008517795138888886, -0.003255208333333334, -0.005045572916666666, 0.003173828125, -0.006917317708333334, 0.0006148726851851853, 0.03733543113425928, -0.004828559027777778, -0.007333260995370371, 0.006781684027777778, -0.013635706018518517, -0.013020833333333334, -0.003363715277777778], [0.0027669270833333335, 0.008219401041666664, -0.000949435763888889, -0.011501736111111112, -0.0033365885416666665, -0.013427734375, -0.005045572916666666, 0.001790364583333334, -0.000605830439814813, -0.004828559027777778, 0.04666702835648149, 0.0026765046296296302, 0.006184895833333334, 0.007486979166666666, -0.0043583622685185175, -0.0013020833333333322], [0.002522786458333334, 0.012532552083333334, 0.009006076388888888, -0.0006239149305555542, -0.015869140625, -0.005289713541666666, -0.001790364583333333, 0.0019531249999999996, 0.0008680555555555555, -0.007333260995370371, 0.0026765046296296302, 0.028564453125000007, -0.00390625, -0.012532552083333334, 0.008409288194444444, 0.005787037037037037], [-0.0166015625, -0.000651041666666667, 0.016031901041666664, 0.000244140625, -0.003879123263888888, 0.001681857638888889, 5.4253472222221704e-05, 0.003011067708333334, 0.015932436342592594, 0.006781684027777778, 0.006184895833333334, -0.00390625, 0.03458658854166666, 0.0008318865740740743, -0.0023961950231481486, -0.0018988715277777778], [-0.001627604166666666, -0.013509114583333336, -0.004150390625, 0.002360026041666666, -0.005805121527777778, 0.008165147569444444, 0.009358723958333334, 5.425347222222149e-05, -0.001627604166666666, -0.013635706018518517, 0.007486979166666666, -0.012532552083333334, 0.0008318865740740743, 0.044804325810185196, 0.0005425347222222225, -0.003915292245370374], [0.004964192708333334, 0.011474609375, 0.010904947916666666, -0.015787760416666668, 0.003743489583333333, -0.005940755208333333, -0.001654730902777778, 0.005913628472222222, 0.00656467013888889, -0.013020833333333334, -0.0043583622685185175, 0.008409288194444444, -0.0023961950231481486, 0.0005425347222222225, 0.04089807581018518, 0.0032190393518518514], [0.000244140625, 0.004964192708333334, 0.005696614583333334, -0.005533854166666668, 0.007893880208333334, 0.008626302083333332, -0.006456163194444445, -0.01076931423611111, 0.006510416666666668, -0.003363715277777778, -0.0013020833333333322, 0.005787037037037037, -0.0018988715277777778, -0.003915292245370374, 0.0032190393518518514, 0.03549081307870371]], "rho_imag": [[0.0, 0.08972620081018519, 0.008273654513888892, -0.038899739583333336, -0.006799768518518518, 0.03526475694444445, -0.002902560763888889, 0.005452473958333333, -0.016294126157407406, -0.01559787326388889, 0.004937065972222222, 0.016845703125, -0.004937065972222222, -0.021321614583333336, 0.003580729166666666, -0.01123046875], [-0.08972620081018519, 0.0, 0.039388020833333336, 0.00029839409722222225, -0.025770399305555556, 0.016474971064814815, 0.003336588541666668, 0.016140407986111112, 0.014024522569444444, -0.0028392650462962963, -0.009847005208333334, 0.006564670138888889, -8.673617379884035e-19, -0.0013563368055555555, -0.0126953125, 0.006998697916666666], [-0.008273654513888892, -0.039388020833333336, 0.0, 0.02429651331018519, -0.004367404513888889, -0.025309244791666664, -0.0008318865740740743, -0.019259982638888888, 0.007758246527777778, 0.013590494791666664, -0.0034360532407407395, -0.004692925347222222, 0.00016276041666666652, 0.005859375, -0.005588107638888888, -0.003255208333333334], [0.038899739583333336, -0.00029839409722222225, -0.02429651331018519, 0.0, 0.015869140625, -0.001600477430555555, -0.003146701388888888, -0.01661964699074074, 0.010009765625, -0.0029839409722222216, -0.015435112847222222, -0.0062572337962962955, -0.00146484375, 0.0026041666666666665, -0.00048828125, 0.000922309027777778], [0.006799768518518518, 0.025770399305555556, 0.004367404513888889, -0.015869140625, 0.0, 0.00812897858796296, 0.0025227864583333335, -0.009114583333333336, -0.0009765625, 0.017903645833333336, -0.008951822916666666, -0.00390625, -0.00012659143518518445, -0.0027398003472222238, -0.002712673611111111, -0.004150390625], [-0.03526475694444445, -0.016474971064814815, 0.025309244791666664, 0.001600477430555555, -0.00812897858796296, 0.0, 0.014811197916666668, 0.010823567708333334, -0.002441406249999999, 0.004557291666666667, 0.00146484375, -0.0026041666666666665, -0.005343967013888889, 0.0029116030092592596, -0.001546223958333334, 0.0018446180555555555], [0.002902560763888889, -0.003336588541666668, 0.0008318865740740743, 0.003146701388888888, -0.0025227864583333335, -0.014811197916666668, 0.0, 0.0012930410879629598, 0.0048828125, -0.01513671875, -0.007486979166666666, -0.002115885416666666, -0.0024956597222222225, -0.006429036458333334, -0.004846643518518518, 0.002305772569444444], [-0.005452473958333333, -0.016140407986111112, 0.019259982638888888, 0.01661964699074074, 0.009114583333333336, -0.010823567708333334, -0.0012930410879629598, 0.0, -0.001953125, 0.0004882812499999998, 0.005859375, -0.0048828125, -0.011962890625000002, 0.0014105902777777775, 0.014024522569444444, -0.008318865740740741], [0.016294126157407406, -0.014024522569444444, -0.007758246527777778, -0.010009765625, 0.0009765625, 0.002441406249999999, -0.0048828125, 0.001953125, 0.0, 0.00015371817129629546, 0.005560980902777778, -0.00862630208333333, 0.003996672453703704, 0.00027126736111111535, 0.009304470486111112, 0.003499348958333332], [0.01559787326388889, 0.0028392650462962963, -0.013590494791666664, 0.0029839409722222216, -0.017903645833333336, -0.004557291666666667, 0.01513671875, -0.0004882812499999998, -0.00015371817129629546, 0.0, 0.009765625000000002, -0.0001356336805555553, 0.006944444444444445, 0.0038339120370370385, 0.007242838541666667, -0.000949435763888889], [-0.004937065972222222, 0.009847005208333334, 0.0034360532407407395, 0.015435112847222222, 0.008951822916666666, -0.00146484375, 0.007486979166666666, -0.005859375, -0.005560980902777778, -0.009765625000000002, 0.0, 0.0011302806712962955, 0.004909939236111111, 0.005940755208333335, -0.0027307581018518523, -0.0034722222222222203], [-0.016845703125, -0.006564670138888889, 0.004692925347222222, 0.0062572337962962955, 0.00390625, 0.0026041666666666665, 0.002115885416666666, 0.0048828125, 0.00862630208333333, 0.0001356336805555553, -0.0011302806712962955, 0.0, 0.006103515625, -0.00013563368055555507, -0.003634982638888889, 0.0029658564814814816], [0.004937065972222222, 8.673617379884035e-19, -0.00016276041666666652, 0.00146484375, 0.00012659143518518445, 0.005343967013888889, 0.0024956597222222225, 0.011962890625000002, -0.003996672453703704, -0.006944444444444445, -0.004909939236111111, -0.006103515625, 0.0, -6.329571759259613e-05, -0.004421657986111111, -0.0013020833333333356], [0.021321614583333336, 0.0013563368055555555, -0.005859375, -0.0026041666666666665, 0.0027398003472222238, -0.0029116030092592596, 0.006429036458333334, -0.0014105902777777775, -0.00027126736111111535, -0.0038339120370370385, -0.005940755208333335, 0.00013563368055555507, 6.329571759259613e-05, 0.0, -0.006022135416666666, 0.0002983940972222227], [-0.003580729166666666, 0.0126953125, 0.005588107638888888, 0.00048828125, 0.002712673611111111, 0.001546223958333334, 0.004846643518518518, -0.014024522569444444, -0.009304470486111112, -0.007242838541666667, 0.0027307581018518523, 0.003634982638888889, 0.004421657986111111, 0.006022135416666666, 0.0, 0.0028663917824074056], [0.01123046875, -0.006998697916666666, 0.003255208333333334, -0.000922309027777778, 0.004150390625, -0.0018446180555555555, -0.002305772569444444, 0.008318865740740741, -0.003499348958333332, 0.000949435763888889, 0.0034722222222222203, -0.0029658564814814816, 0.0013020833333333356, -0.0002983940972222227, -0.0028663917824074056, 0.0]]}