{"label": "single-component test (muzzle)", "fidelity_vs_ideal": 0.26691656257517704, "purity": 0.16310986439059955, "rho_real": [[0.1731499565972222, -0.0038881655092592596, -0.04874674479166667, -0.015462239583333332, 0.006058304398148149, 0.004692925347222222, -0.018337673611111112, -0.007405598958333332, 0.005253544560185185, 0.009711371527777778, -0.004014756944444444, -0.011637369791666666, -0.009711371527777778, -0.020751953125, -0.015055338541666666, -0.00048828125], [-0.0038881655092592596, 0.10135452835648147, -0.008083767361111112, -0.040717230902777776, -0.03860134548611111, 0.018699363425925927, -0.018310546875, 0.003634982638888889, -0.0008138020833333335, -0.007441767939814815, 0.007242838541666666, 0.017795138888888888, 0.015055338541666666, 0.0015190972222222216, -0.0166015625, 0.021565755208333336], [-0.04874674479166667, -0.008083767361111112, 0.08945493344907406, 0.00924117476851852, -0.007812500000000002, 0.007731119791666668, 0.008499710648148147, -0.0005154079861111101, 0.006998697916666666, -0.014892578125000002, -0.01368091724537037, 0.003851996527777777, 0.030680338541666668, 0.0009765625, -0.001573350694444445, 0.002685546875], [-0.015462239583333332, -0.040717230902777776, 0.00924117476851852, 0.08677842881944446, 0.008544921875, -0.00439453125, 0.012505425347222222, -0.00490089699074074, -0.0034993489583333348, 0.00244140625, 0.004394531249999999, -0.0016366464120370376, -0.00244140625, -0.015706380208333336, -0.001546223958333334, -0.009874131944444444], [0.006058304398148149, -0.03860134548611111, -0.007812500000000002, 0.008544921875, 0.04391818576388888, -0.005027488425925927, -0.006808810763888888, 0.00048828125, 0.007649739583333334, 0.010498046875, -0.001220703125, -0.0009765625, -0.0008228443287037028, 0.0014105902777777775, 0.005913628472222222, -0.005777994791666667], [0.004692925347222222, 0.018699363425925927, 0.007731119791666668, -0.00439453125, -0.005027488425925927, 0.06630678530092593, -0.002549913194444444, 0.008707682291666668, -0.001546223958333334, 0.0006510416666666661, -0.00048828125, 0.000244140625, -0.008463541666666668, 0.0021068431712962968, -0.002522786458333333, -0.015245225694444444], [-0.018337673611111112, -0.018310546875, 0.008499710648148147, 0.012505425347222222, -0.006808810763888888, -0.002549913194444444, 0.06319625289351852, 0.00972945601851852, -0.016031901041666668, -0.00537109375, -0.0027669270833333335, 0.002685546875, -0.005533854166666666, 0.006591796875, 0.013445818865740741, 0.000434027777777777], [-0.007405598958333332, 0.003634982638888889, -0.0005154079861111101, -0.00490089699074074, 0.00048828125, 0.008707682291666668, 0.00972945601851852, 0.04402669270833334, -0.001953125, 0.003987630208333332, -0.004475911458333334, 4.336808689942018e-19, 0.004313151041666665, 0.009440104166666668, 0.005533854166666667, 0.0020525896990740743], [0.005253544560185185, -0.0008138020833333335, 0.006998697916666666, -0.0034993489583333348, 0.007649739583333334, -0.001546223958333334, -0.016031901041666668, -0.001953125, 0.03621419270833333, -0.0006872106481481484, -0.008219401041666666, 0.011555989583333332, 0.004105179398148148, -0.008653428819444444, -0.00027126736111111015, -0.007893880208333332], [0.009711371527777778, -0.007441767939814815, -0.014892578125000002, 0.00244140625, 0.010498046875, 0.0006510416666666661, -0.00537109375, 0.003987630208333332, -0.0006872106481481484, 0.05089879918981481, 0.0003797743055555551, 0.007297092013888888, 0.007948133680555558, -0.00831886574074074, 0.0026855468750000004, -0.002712673611111111], [-0.004014756944444444, 0.007242838541666666, -0.01368091724537037, 0.004394531249999999, -0.001220703125, -0.00048828125, -0.0027669270833333335, -0.004475911458333334, -0.008219401041666666, 0.0003797743055555551, 0.03867368344907407, 0.003653067129629629, -0.006022135416666666, -0.003499348958333333, -0.0012659143518518523, 0.001763237847222222], [-0.011637369791666666, 0.017795138888888888, 0.003851996527777777, -0.0016366464120370376, -0.0009765625, 0.000244140625, 0.002685546875, 4.336808689942018e-19, 0.011555989583333332, 0.007297092013888888, 0.003653067129629629, 0.038492838541666685, -0.004638671874999999, 0.004231770833333334, -0.01516384548611111, 0.011049623842592594], [-0.009711371527777778, 0.015055338541666666, 0.030680338541666668, -0.00244140625, -0.0008228443287037028, -0.008463541666666668, -0.005533854166666666, 0.004313151041666665, 0.004105179398148148, 0.007948133680555558, -0.006022135416666666, -0.004638671874999999, 0.05498589409722221, -0.003454137731481482, 0.007351345486111112, -0.014485677083333334], [-0.020751953125, 0.0015190972222222216, 0.0009765625, -0.015706380208333336, 0.0014105902777777775, 0.0021068431712962968, 0.006591796875, 0.009440104166666668, -0.008653428819444444, -0.00831886574074074, -0.003499348958333333, 0.004231770833333334, -0.003454137731481482, 0.029088903356481483, -0.0009223090277777788, -0.006754557291666668], [-0.015055338541666666, -0.0166015625, -0.001573350694444445, -0.001546223958333334, 0.005913628472222222, -0.002522786458333333, 0.013445818865740741, 0.005533854166666667, -0.00027126736111111015, 0.0026855468750000004, -0.0012659143518518523, -0.01516384548611111, 0.007351345486111112, -0.0009223090277777788, 0.03541847511574074, 0.0025137442129629637], [-0.00048828125, 0.021565755208333336, 0.002685546875, -0.009874131944444444, -0.005777994791666667, -0.015245225694444444, 0.000434027777777777, 0.0020525896990740743, -0.007893880208333332, -0.002712673611111111, 0.001763237847222222, 0.011049623842592594, -0.014485677083333334, -0.006754557291666668, 0.0025137442129629637, 0.048041449652777776]], "rho_imag": [[0.0, 0.06605360243055555, -0.014765986689814815, -0.054144965277777776, -0.02287688078703704, -0.002197265625, 0.02737087673611111, 0.028645833333333332, -0.014820240162037037, -0.005208333333333334, 0.020589192708333336, 0.019531249999999997, 0.007785373263888889, -0.022623697916666668, -0.010335286458333336, -0.00390625], [-0.06605360243055555, 0.0, 0.044596354166666664, 0.0008047598379629633, -0.002685546875, 0.005606192129629629, 0.03466796875, 0.012071397569444444, 0.000542534722222222, 0.0010217737268518518, 0.019368489583333332, 0.001546223958333334, 0.010579427083333332, -0.001491970486111111, -0.0029296875, 0.003336588541666667], [0.014765986689814815, -0.044596354166666664, 0.0, 0.04494900173611111, 0.01250542534722222, -0.01171875, 0.00028935185185185097, -0.011149088541666666, -0.0022515190972222216, -0.003092447916666667, 0.0019440827546296298, -0.023600260416666668, -0.009033203125, 0.01416015625, -0.009792751736111112, 0.013997395833333334], [0.054144965277777776, -0.0008047598379629633, -0.04494900173611111, 0.0, 0.020670572916666668, -0.027208116319444444, -0.006429036458333332, -0.004756221064814816, -0.013671875, 0.004096137152777778, -0.0015733506944444445, -0.01053421585648148, -0.01318359375, 0.001708984375, 0.016927083333333332, 0.013156467013888888], [0.02287688078703704, 0.002685546875, -0.01250542534722222, -0.020670572916666668, 0.0, 0.010009765625000002, -0.01292136863425926, 0.00265842013888889, -0.008761935763888888, -0.006184895833333334, 0.0028483072916666674, -0.02392578125, 0.004493995949074073, -0.004069010416666668, -0.0025227864583333335, -0.00830078125], [0.002197265625, -0.005606192129629629, 0.01171875, 0.027208116319444444, -0.010009765625000002, 0.0, -0.005045572916666666, 0.020878544560185185, 0.0107421875, 0.004421657986111111, 0.01025390625, -0.0010579427083333326, -0.009385850694444446, 0.0008047598379629633, -0.012369791666666668, 0.004801432291666666], [-0.02737087673611111, -0.03466796875, -0.00028935185185185097, 0.006429036458333332, 0.01292136863425926, 0.005045572916666666, 0.0, -0.006212022569444444, 0.004801432291666666, 0.005859375, 0.004909939236111111, -0.010579427083333334, 0.004258897569444445, 0.008138020833333332, -0.0038067853009259253, 0.0078125], [-0.028645833333333332, -0.012071397569444444, 0.011149088541666666, 0.004756221064814816, -0.00265842013888889, -0.020878544560185185, 0.006212022569444444, 0.0, -0.0078125, -0.009847005208333334, -0.002441406250000001, -0.010226779513888888, 0.01708984375, -0.004041883680555556, 0.01095920138888889, -0.004566333912037037], [0.014820240162037037, -0.000542534722222222, 0.0022515190972222216, 0.013671875, 0.008761935763888888, -0.0107421875, -0.004801432291666666, 0.0078125, 0.0, 0.01071506076388889, 0.0007505063657407413, 0.0028211805555555577, 0.0003978587962962959, 0.005615234374999998, -0.016411675347222224, -0.005533854166666667], [0.005208333333333334, -0.0010217737268518518, 0.003092447916666667, -0.004096137152777778, 0.006184895833333334, -0.004421657986111111, -0.005859375, 0.009847005208333334, -0.01071506076388889, 0.0, 0.0006510416666666661, 0.007206669560185185, 0.008707682291666666, 0.008698640046296297, -0.0014648437500000009, 0.011257595486111112], [-0.020589192708333336, -0.019368489583333332, -0.0019440827546296298, 0.0015733506944444445, -0.0028483072916666674, -0.01025390625, -0.004909939236111111, 0.002441406250000001, -0.0007505063657407413, -0.0006510416666666661, 0.0, -0.002902560763888888, 0.01169162326388889, -0.0048828125, 0.0033817997685185175, 0.004475911458333332], [-0.019531249999999997, -0.001546223958333334, 0.023600260416666668, 0.01053421585648148, 0.02392578125, 0.0010579427083333326, 0.010579427083333334, 0.010226779513888888, -0.0028211805555555577, -0.007206669560185185, 0.002902560763888888, 0.0, -0.015462239583333332, -0.0026312934027777762, -0.012613932291666668, -0.008174189814814815], [-0.007785373263888889, -0.010579427083333332, 0.009033203125, 0.01318359375, -0.004493995949074073, 0.009385850694444446, -0.004258897569444445, -0.01708984375, -0.0003978587962962959, -0.008707682291666666, -0.01169162326388889, 0.015462239583333332, 0.0, -0.002685546875, 0.004873770254629629, -0.005805121527777776], [0.022623697916666668, 0.001491970486111111, -0.01416015625, -0.001708984375, 0.004069010416666668, -0.0008047598379629633, -0.008138020833333332, 0.004041883680555556, -0.005615234374999998, -0.008698640046296297, 0.0048828125, 0.0026312934027777762, 0.002685546875, 0.0, -0.0011393229166666678, -0.0016908998842592583], [0.010335286458333336, 0.0029296875, 0.009792751736111112, -0.016927083333333332, 0.0025227864583333335, 0.012369791666666668, 0.0038067853009259253, -0.01095920138888889, 0.016411675347222224, 0.0014648437500000009, -0.0033817997685185175, 0.012613932291666668, -0.004873770254629629, 0.0011393229166666678, 0.0, 0.0002983940972222203], [0.00390625, -0.003336588541666667, -0.013997395833333334, -0.013156467013888888, 0.00830078125, -0.004801432291666666, -0.0078125, 0.004566333912037037, 0.005533854166666667, -0.011257595486111112, -0.004475911458333332, 0.008174189814814815, 0.005805121527777776, 0.0016908998842592583, -0.0002983940972222203, 0.0]]}