{"label": "component 3: left ear", "fidelity_vs_ideal": 0.30570225373102167, "purity": 0.16548369450824252, "rho_real": [[0.0796169704861111, -0.027425130208333332, -0.006293402777777776, 0.03453233506944445, -0.030671296296296294, -0.0060763888888888855, 0.019395616319444448, -0.002766927083333332, 0.012532552083333334, 0.000949435763888889, -0.009060329861111108, -0.005533854166666667, 0.003526475694444444, 0.002522786458333333, -0.009114583333333334, 0.0029296875], [-0.027425130208333332, 0.1256058304398148, -0.01679144965277778, -0.012966579861111112, 0.04112413194444445, -0.032624421296296294, -0.03873697916666667, 0.016628689236111112, -0.014133029513888888, -0.004937065972222223, 0.007649739583333334, 0.00412326388888889, 0.004475911458333333, -0.00998263888888889, -0.0078125, 0.013834635416666666], [-0.006293402777777776, -0.01679144965277778, 0.10178855613425924, -0.027045355902777776, 0.00029839409722222116, 0.02783203125, -0.024703414351851853, 0.001573350694444444, 0.036187065972222224, 0.013509114583333332, -0.003038194444444444, 0.014295789930555556, 0.0008138020833333339, -0.00390625, 0.00043402777777777797, -0.015055338541666668], [0.03453233506944445, -0.012966579861111112, -0.027045355902777776, 0.09211335358796294, -0.016927083333333332, -0.013861762152777778, 0.014268663194444444, 0.0010127314814814808, -0.008138020833333334, -0.005316840277777778, -0.004041883680555555, -0.002604166666666667, -0.013671875, -0.0026041666666666665, -0.014078776041666668, 0.004503038194444444], [-0.030671296296296294, 0.04112413194444445, 0.00029839409722222116, -0.016927083333333332, 0.08634440104166669, -0.016194661458333336, -0.01519097222222222, 0.00442165798611111, 0.006673177083333334, -0.013427734375, 0.01708984375, -0.0166015625, -0.002061631944444444, -0.0001898871527777771, -0.00824652777777778, -0.00016276041666666782], [-0.0060763888888888855, -0.032624421296296294, 0.02783203125, -0.013861762152777778, -0.016194661458333336, 0.07493308738425927, -0.000678168402777778, -0.001681857638888889, 0.000244140625, -0.008138020833333334, -0.009765625, 0.006835937499999998, -0.002577039930555555, 0.0035807291666666665, 0.007161458333333332, 0.004937065972222222], [0.019395616319444448, -0.03873697916666667, -0.024703414351851853, 0.014268663194444444, -0.01519097222222222, -0.000678168402777778, 0.06261754918981483, -0.005398220486111112, 0.002604166666666666, 0.0009765625, -0.016927083333333336, 0.00024414062499999957, -0.009223090277777778, 0.005208333333333332, 0.010687934027777776, 0.005343967013888888], [-0.002766927083333332, 0.016628689236111112, 0.001573350694444444, 0.0010127314814814808, 0.00442165798611111, -0.001681857638888889, -0.005398220486111112, 0.042417173032407406, -0.0009765625, -0.0008138020833333339, 0.007080078125, 0.00537109375, 0.008951822916666664, 0.002007378472222222, -0.006157769097222222, 0.001030815972222222], [0.012532552083333334, -0.014133029513888888, 0.036187065972222224, -0.008138020833333334, 0.006673177083333334, 0.000244140625, 0.002604166666666666, -0.0009765625, 0.043737340856481476, -0.008165147569444444, -0.005208333333333334, -0.0009494357638888881, 0.0032371238425925927, 0.008572048611111114, -0.005506727430555556, -0.012044270833333332], [0.000949435763888889, -0.004937065972222223, 0.013509114583333332, -0.005316840277777778, -0.013427734375, -0.008138020833333334, 0.0009765625, -0.0008138020833333339, -0.008165147569444444, 0.03937897858796296, -0.012234157986111112, -0.002766927083333333, 0.005967881944444444, 0.002586082175925925, 0.013509114583333332, 0.0005154079861111119], [-0.009060329861111108, 0.007649739583333334, -0.003038194444444444, -0.004041883680555555, 0.01708984375, -0.009765625, -0.016927083333333336, 0.007080078125, -0.005208333333333334, -0.012234157986111112, 0.047788266782407406, 0.007188585069444446, -0.006049262152777778, 0.001953125000000001, -0.0025137442129629633, 0.0005967881944444449], [-0.005533854166666667, 0.00412326388888889, 0.014295789930555556, -0.002604166666666667, -0.0166015625, 0.006835937499999998, 0.00024414062499999957, 0.00537109375, -0.0009494357638888881, -0.002766927083333333, 0.007188585069444446, 0.03464084201388889, -0.004720052083333332, -0.003607855902777778, -0.001356336805555555, -0.0008861400462962955], [0.003526475694444444, 0.004475911458333333, 0.0008138020833333339, -0.013671875, -0.002061631944444444, -0.002577039930555555, -0.009223090277777778, 0.008951822916666664, 0.0032371238425925927, 0.005967881944444444, -0.006049262152777778, -0.004720052083333332, 0.03180157696759258, 0.004041883680555554, 0.002821180555555557, -0.005669487847222222], [0.002522786458333333, -0.00998263888888889, -0.00390625, -0.0026041666666666665, -0.0001898871527777771, 0.0035807291666666665, 0.005208333333333332, 0.002007378472222222, 0.008572048611111114, 0.002586082175925925, 0.001953125000000001, -0.003607855902777778, 0.004041883680555554, 0.05012116608796297, 0.01169162326388889, 0.002007378472222223], [-0.009114583333333334, -0.0078125, 0.00043402777777777797, -0.014078776041666668, -0.00824652777777778, 0.007161458333333332, 0.010687934027777776, -0.006157769097222222, -0.005506727430555556, 0.013509114583333332, -0.0025137442129629633, -0.001356336805555555, 0.002821180555555557, 0.01169162326388889, 0.03487594039351851, 0.004421657986111112], [0.0029296875, 0.013834635416666666, -0.015055338541666668, 0.004503038194444444, -0.00016276041666666782, 0.004937065972222222, 0.005343967013888888, 0.001030815972222222, -0.012044270833333332, 0.0005154079861111119, 0.0005967881944444449, -0.0008861400462962955, -0.005669487847222222, 0.002007378472222223, 0.004421657986111112, 0.05221896701388889]], "rho_imag": [[0.0, -0.02061631944444444, 0.04163953993055556, -0.022298177083333332, -0.002866391782407409, 0.025634765625, -0.011881510416666666, 0.0013834635416666687, 0.017162181712962965, -0.003065321180555555, 0.001302083333333334, 0.0014648437500000017, 0.0004882812500000004, 0.010335286458333332, -0.003092447916666666, -0.01171875], [0.02061631944444444, 0.0, -0.047797309027777776, 0.05227322048611111, 0.01429578993055556, -0.04171187789351852, 0.017985026041666668, 0.0013020833333333322, -0.018147786458333332, -0.00269458912037037, -0.019205729166666664, -0.009602864583333334, -0.012613932291666666, -0.012858072916666668, 0.01416015625, -0.010904947916666666], [-0.04163953993055556, 0.047797309027777776, 0.0, -0.03531901041666667, 0.03439670138888889, -0.010335286458333336, -0.019901982060185182, 0.007893880208333334, -0.007269965277777777, -0.021321614583333332, 0.012876157407407406, 0.006049262152777778, 0.002278645833333334, -0.01123046875, -0.009765625, -0.005289713541666668], [0.022298177083333332, -0.05227322048611111, 0.03531901041666667, 0.0, -0.031168619791666664, 0.02186414930555556, -0.010932074652777778, -0.012523509837962965, 0.039713541666666664, 0.010796440972222222, -0.008056640625, 0.004087094907407407, -0.015625, 0.0003255208333333339, 0.008870442708333332, 0.001302083333333333], [0.002866391782407409, -0.01429578993055556, -0.03439670138888889, 0.031168619791666664, 0.0, -0.020779079861111112, 0.01272243923611111, 0.01220703125, -0.00021701388888888855, 0.0012207031249999996, -0.007975260416666666, -0.033203125, -0.009259259259259259, -0.0038791232638888886, -0.004231770833333334, 0.01318359375], [-0.025634765625, 0.04171187789351852, 0.010335286458333336, -0.02186414930555556, 0.020779079861111112, 0.0, -0.019802517361111112, -0.00040690104166666956, -0.008382161458333334, -0.015842013888888888, 0.03369140625, -0.002115885416666666, -0.0004069010416666661, 0.005063657407407407, -0.002604166666666666, 0.00244140625], [0.011881510416666666, -0.017985026041666668, 0.019901982060185182, 0.010932074652777778, -0.01272243923611111, 0.019802517361111112, 0.0, -0.0087890625, 0.0003255208333333335, 0.01708984375, -0.014377170138888888, 0.006103515625, 0.007052951388888889, 0.009928385416666668, 0.007613570601851851, 0.008165147569444444], [-0.0013834635416666687, -0.0013020833333333322, -0.007893880208333334, 0.012523509837962965, -0.01220703125, 0.00040690104166666956, 0.0087890625, 0.0, 0.0068359375, -0.009440104166666666, 0.014078776041666664, 0.01199001736111111, -0.012044270833333334, -0.010036892361111112, -0.0030110677083333335, -0.002152054398148148], [-0.017162181712962965, 0.018147786458333332, 0.007269965277777777, -0.039713541666666664, 0.00021701388888888855, 0.008382161458333334, -0.0003255208333333335, -0.0068359375, 0.0, 0.0007052951388888907, 0.00735134548611111, 0.011230468750000002, 0.00011754918981481469, 0.006429036458333333, -0.011067708333333332, 0.002848307291666668], [0.003065321180555555, 0.00269458912037037, 0.021321614583333332, -0.010796440972222222, -0.0012207031249999996, 0.015842013888888888, -0.01708984375, 0.009440104166666666, -0.0007052951388888907, 0.0, -0.006456163194444442, -0.008382161458333337, -0.004258897569444443, 0.004891854745370372, 0.005777994791666668, -0.005696614583333333], [-0.001302083333333334, 0.019205729166666664, -0.012876157407407406, 0.008056640625, 0.007975260416666666, -0.03369140625, 0.014377170138888888, -0.014078776041666664, -0.00735134548611111, 0.006456163194444442, 0.0, -0.004557291666666668, 0.0062391493055555525, 0.002848307291666666, -0.004873770254629628, -0.006429036458333334], [-0.0014648437500000017, 0.009602864583333334, -0.006049262152777778, -0.004087094907407407, 0.033203125, 0.002115885416666666, -0.006103515625, -0.01199001736111111, -0.011230468750000002, 0.008382161458333337, 0.004557291666666668, 0.0, -0.006266276041666666, 0.005425347222222224, 0.006646050347222222, -0.004656756365740741], [-0.0004882812500000004, 0.012613932291666666, -0.002278645833333334, 0.015625, 0.009259259259259259, 0.0004069010416666661, -0.007052951388888889, 0.012044270833333334, -0.00011754918981481469, 0.004258897569444443, -0.0062391493055555525, 0.006266276041666666, 0.0, -0.004665798611111112, 0.00024414062500000087, -0.010904947916666664], [-0.010335286458333332, 0.012858072916666668, 0.01123046875, -0.0003255208333333339, 0.0038791232638888886, -0.005063657407407407, -0.009928385416666668, 0.010036892361111112, -0.006429036458333333, -0.004891854745370372, -0.002848307291666666, -0.005425347222222224, 0.004665798611111112, 0.0, -0.011664496527777776, 0.007622612847222222], [0.003092447916666666, -0.01416015625, 0.009765625, -0.008870442708333332, 0.004231770833333334, 0.002604166666666666, -0.007613570601851851, 0.0030110677083333335, 0.011067708333333332, -0.005777994791666668, 0.004873770254629628, -0.006646050347222222, -0.00024414062500000087, 0.011664496527777776, 0.0, -0.0027669270833333356], [0.01171875, 0.010904947916666666, 0.005289713541666668, -0.001302083333333333, -0.01318359375, -0.00244140625, -0.008165147569444444, 0.002152054398148148, -0.002848307291666668, 0.005696614583333333, 0.006429036458333334, 0.004656756365740741, 0.010904947916666664, -0.007622612847222222, 0.0027669270833333356, 0.0]]}