{"label": "state-prep 1: head |0>", "fidelity_vs_ideal": 0.8855139189007113, "purity": 0.8298395808341574, "rho_real": [[0.8755606192129631, -0.0031557436342592596, -0.043764467592592594, 0.0008680555555555558, -0.04279694733796296, 0.004313151041666667, 0.013129340277777778, -0.005452473958333334, -0.017062717013888888, 0.002197265625, -0.0029839409722222225, -0.016357421875, -0.013834635416666666, -0.015706380208333336, 0.008951822916666666, 0.00048828125], [-0.0031557436342592596, 0.03947844328703705, 0.006564670138888889, -0.0018807870370370376, 0.008382161458333332, 0.00830982349537037, -0.004150390625, -0.0018446180555555555, 0.008816189236111112, 0.006971571180555556, 0.028564453125, -0.0020073784722222225, 0.005777994791666666, 0.003743489583333333, -0.00439453125, -0.0013020833333333348], [-0.043764467592592594, 0.006564670138888889, 0.025282118055555552, -0.005271629050925927, -0.007921006944444444, -0.013916015625, 0.0044035734953703715, 0.0013834635416666663, -0.0022786458333333335, -0.006103515625, 0.0032823350694444445, -0.002685546875, 0.007486979166666666, 0.01123046875, -0.0006510416666666661, 0.0018717447916666665], [0.0008680555555555558, -0.0018807870370370376, -0.005271629050925927, 0.0014829282407407551, 0.001057942708333334, -0.0017361111111111119, 0.0008951822916666665, -0.0024323640046296294, 0.001383463541666666, -0.0003255208333333335, -0.000949435763888889, -0.001003689236111111, -0.00244140625, -0.003743489583333334, 0.0008951822916666661, 0.002278645833333334], [-0.04279694733796296, 0.008382161458333332, -0.007921006944444444, 0.001057942708333334, 0.02036313657407407, -0.0004973234953703704, -0.00703486689814815, -0.0038519965277777775, 0.00027126736111111015, -0.001708984375, 0.01708984375, -0.0126953125, -0.0013834635416666678, -0.000895182291666667, -0.0037977430555555555, 0.004638671874999998], [0.004313151041666667, 0.00830982349537037, -0.013916015625, -0.0017361111111111119, -0.0004973234953703704, 0.005678530092592594, 0.0021701388888888886, -0.0006329571759259266, -0.012451171875, -0.005262586805555555, -0.0078125, -0.012695312500000002, 0.002794053819444444, -0.000786675347222222, -0.012939453124999998, 0.00010850694444444449], [0.013129340277777778, -0.004150390625, 0.0044035734953703715, 0.0008951822916666665, -0.00703486689814815, 0.0021701388888888886, 0.002224392361111112, 0.0038972077546296294, 0.001302083333333333, -0.0126953125, -0.00412326388888889, 0.003173828125, -0.00016276041666666652, 0.001220703125, 0.004313151041666666, 0.0010579427083333335], [-0.005452473958333334, -0.0018446180555555555, 0.0013834635416666663, -0.0024323640046296294, -0.0038519965277777775, -0.0006329571759259266, 0.0038972077546296294, 0.002947771990740755, -0.0029296875, -0.0001627604166666674, 0.010986328125, 0.0030381944444444445, 0.0008951822916666661, 0.0027669270833333335, -0.0001356336805555555, -0.001925998263888889], [-0.017062717013888888, 0.008816189236111112, -0.0022786458333333335, 0.001383463541666666, 0.00027126736111111015, -0.012451171875, 0.001302083333333333, -0.0029296875, 0.025752314814814825, -0.00706199363425926, -0.0028030960648148147, -0.0017361111111111106, 0.007984302662037037, 0.003173828125, 0.001085069444444444, 0.002848307291666667], [0.002197265625, 0.006971571180555556, -0.006103515625, -0.0003255208333333335, -0.001708984375, -0.005262586805555555, -0.0126953125, -0.0001627604166666674, -0.00706199363425926, -0.003146701388888895, 0.00656467013888889, -0.0012839988425925927, -0.0018717447916666663, -0.0017813223379629633, 0.001220703125, 0.0007595486111111114], [-0.0029839409722222225, 0.028564453125, 0.0032823350694444445, -0.000949435763888889, 0.01708984375, -0.0078125, -0.00412326388888889, 0.010986328125, -0.0028030960648148147, 0.00656467013888889, -0.003996672453703699, 0.002540870949074074, 0.0015190972222222225, 0.002197265625, -0.0027578848379629624, 0.000244140625], [-0.016357421875, -0.0020073784722222225, -0.002685546875, -0.001003689236111111, -0.0126953125, -0.012695312500000002, 0.003173828125, 0.0030381944444444445, -0.0017361111111111106, -0.0012839988425925927, 0.002540870949074074, 0.003345630787037035, 0.000569661458333333, 0.004774305555555556, -0.003499348958333333, 0.0017994068287037045], [-0.013834635416666666, 0.005777994791666666, 0.007486979166666666, -0.00244140625, -0.0013834635416666678, 0.002794053819444444, -0.00016276041666666652, 0.0008951822916666661, 0.007984302662037037, -0.0018717447916666663, 0.0015190972222222225, 0.000569661458333333, -0.000560619212962972, -0.00017180266203703715, -0.0012297453703703724, -0.0005967881944444445], [-0.015706380208333336, 0.003743489583333333, 0.01123046875, -0.003743489583333334, -0.000895182291666667, -0.000786675347222222, 0.001220703125, 0.0027669270833333335, 0.003173828125, -0.0017813223379629633, 0.002197265625, 0.004774305555555556, -0.00017180266203703715, 0.0035264756944444475, -0.0017361111111111114, 0.00387008101851852], [0.008951822916666666, -0.00439453125, -0.0006510416666666661, 0.0008951822916666661, -0.0037977430555555555, -0.012939453124999998, 0.004313151041666666, -0.0001356336805555555, 0.001085069444444444, 0.001220703125, -0.0027578848379629624, -0.003499348958333333, -0.0012297453703703724, -0.0017361111111111114, 0.002350983796296273, -0.003589771412037037], [0.00048828125, -0.0013020833333333348, 0.0018717447916666665, 0.002278645833333334, 0.004638671874999998, 0.00010850694444444449, 0.0010579427083333335, -0.001925998263888889, 0.002848307291666667, 0.0007595486111111114, 0.000244140625, 0.0017994068287037045, -0.0005967881944444445, 0.00387008101851852, -0.003589771412037037, -0.0002893518518518601]], "rho_imag": [[0.0, -0.09815357349537038, -0.0336009837962963, 0.004611545138888889, -0.04098849826388889, 0.0028483072916666674, -0.00634765625, -0.0017089843749999996, -0.07079173900462962, 0.017876519097222224, -0.020399305555555556, 0.012451171875, -0.002549913194444445, 0.0030110677083333335, -0.00537109375, 0.0029296875], [0.09815357349537038, 0.0, -0.005696614583333333, 0.009422019675925927, 0.001925998263888889, -0.0008409288194444458, -0.003987630208333332, -0.0013020833333333337, 0.004638671875, 0.008201316550925923, 0.007568359375, 0.012803819444444444, -0.0026855468750000004, -0.006293402777777777, -0.00341796875, -0.0009765625], [0.0336009837962963, 0.005696614583333333, 0.0, 0.006447120949074073, -0.006781684027777778, -0.003499348958333333, 0.009901258680555556, -0.0013834635416666665, -0.00542534722222222, -0.003662109374999999, 6.329571759259439e-05, -0.00539822048611111, 0.0021158854166666665, 0.0048828125, -0.004014756944444444, 0.002034505208333333], [-0.004611545138888889, -0.009422019675925927, -0.006447120949074073, 0.0, -0.011637369791666666, 0.007052951388888889, -0.003607855902777778, -0.005289713541666666, 0.005452473958333334, 0.00922309027777778, 0.000895182291666667, -0.0026493778935185175, -0.00732421875, -0.0013020833333333337, 0.00024414062499999973, 0.004937065972222222], [0.04098849826388889, -0.001925998263888889, 0.006781684027777778, 0.011637369791666666, 0.0, 0.00948531539351852, 0.018102575231481483, -0.005316840277777778, -0.006130642361111111, 0.008544921875, 0.00390625, -0.001953125, 0.004240813078703711, -0.007676866319444444, 0.002387152777777777, 0.000732421875], [-0.0028483072916666674, 0.0008409288194444458, 0.003499348958333333, -0.007052951388888889, -0.00948531539351852, 0.0, -0.0003255208333333339, -0.007884837962962963, 0.00024414062499999984, -0.001736111111111111, -0.00439453125, -0.00244140625, 0.0038248697916666665, -0.0053077980324074065, -0.001220703125, -0.0015190972222222216], [0.00634765625, 0.003987630208333332, -0.009901258680555556, 0.003607855902777778, -0.018102575231481483, 0.0003255208333333339, 0.0, -0.0050546151620370385, 0.003580729166666666, 0.0048828125, 0.006076388888888889, 0.0007324218750000002, -0.002495659722222223, 0.004150390625, -0.0007505063657407413, 0.004204644097222222], [0.0017089843749999996, 0.0013020833333333337, 0.0013834635416666665, 0.005289713541666666, 0.005316840277777778, 0.007884837962962963, 0.0050546151620370385, 0.0, 0.00048828125, -0.0008138020833333335, -0.001708984375, -0.002224392361111111, -0.003336588541666666, -0.007378472222222222, 0.002034505208333334, 0.0017451533564814825], [0.07079173900462962, -0.004638671875, 0.00542534722222222, -0.005452473958333334, 0.006130642361111111, -0.00024414062499999984, -0.003580729166666666, -0.00048828125, 0.0, 4.521122685184793e-05, 0.001989293981481479, -0.008409288194444444, -0.006212022569444441, 0.002685546875, 0.0048828125, -0.001220703125], [-0.017876519097222224, -0.008201316550925923, 0.003662109374999999, -0.00922309027777778, -0.008544921875, 0.001736111111111111, -0.0048828125, 0.0008138020833333335, -4.521122685184793e-05, 0.0, 0.004720052083333333, -0.007396556712962962, -0.003770616319444444, 0.004964192708333332, 0.004313151041666667, -0.0008138020833333337], [0.020399305555555556, -0.007568359375, -6.329571759259439e-05, -0.000895182291666667, -0.00390625, 0.00439453125, -0.006076388888888889, 0.001708984375, -0.001989293981481479, -0.004720052083333333, 0.0, 0.004385489004629629, 0.0011935763888888896, 0.004801432291666667, 0.004638671875, -0.000569661458333333], [-0.012451171875, -0.012803819444444444, 0.00539822048611111, 0.0026493778935185175, 0.001953125, 0.00244140625, -0.0007324218750000002, 0.002224392361111111, 0.008409288194444444, 0.007396556712962962, -0.004385489004629629, 0.0, 0.004475911458333333, -0.003526475694444444, -0.002468532986111111, -0.002414279513888888], [0.002549913194444445, 0.0026855468750000004, -0.0021158854166666665, 0.00732421875, -0.004240813078703711, -0.0038248697916666665, 0.002495659722222223, 0.003336588541666666, 0.006212022569444441, 0.003770616319444444, -0.0011935763888888896, -0.004475911458333333, 0.0, -0.005271629050925925, -0.005877459490740741, 0.003146701388888889], [-0.0030110677083333335, 0.006293402777777777, -0.0048828125, 0.0013020833333333337, 0.007676866319444444, 0.0053077980324074065, -0.004150390625, 0.007378472222222222, -0.002685546875, -0.004964192708333332, -0.004801432291666667, 0.003526475694444444, 0.005271629050925925, 0.0, -0.0016276041666666665, 0.0036168981481481477], [0.00537109375, 0.00341796875, 0.004014756944444444, -0.00024414062499999973, -0.002387152777777777, 0.001220703125, 0.0007505063657407413, -0.002034505208333334, -0.0048828125, -0.004313151041666667, -0.004638671875, 0.002468532986111111, 0.005877459490740741, 0.0016276041666666665, 0.0, 0.0010217737268518531], [-0.0029296875, 0.0009765625, -0.002034505208333333, -0.004937065972222222, -0.000732421875, 0.0015190972222222216, -0.004204644097222222, -0.0017451533564814825, 0.001220703125, 0.0008138020833333337, 0.000569661458333333, 0.002414279513888888, -0.003146701388888889, -0.0036168981481481477, -0.0010217737268518531, 0.0]]}