{"label": "state-prep 2: head |1>", "fidelity_vs_ideal": 0.8718533666864632, "purity": 0.7897326622480227, "rho_real": [[0.048041449652777776, -0.01634837962962963, 0.0015462239583333335, -0.01416015625, 0.010606553819444444, 0.004150390625000001, -0.002712673611111111, -0.004720052083333334, 0.008780020254629631, 0.00732421875, -0.001274956597222222, 0.002604166666666668, 0.002685546875, -0.007080078125, -0.006510416666666666, -0.00146484375], [-0.01634837962962963, 0.8671784577546297, 0.006293402777777778, -0.006429036458333334, -0.032470703125, -0.021837022569444444, -0.001790364583333333, 5.425347222222203e-05, -0.03038194444444444, -0.027569806134259262, -0.0078125, 0.014838324652777776, 0.005289713541666667, -0.005289713541666665, 0.0029296875, 0.008626302083333334], [0.0015462239583333335, 0.006293402777777778, 0.023627387152777762, -0.004575376157407407, 0.0005967881944444445, 0.003417968749999999, 0.001871744791666666, -0.004313151041666666, -0.0012207031249999996, -0.0030924479166666657, -0.0013653790509259248, -0.004069010416666666, -0.003092447916666666, 0.001953125, -0.002034505208333333, 0.004638671875], [-0.01416015625, -0.006429036458333334, -0.004575376157407407, 0.004005714699074077, -0.010904947916666668, 0.011501736111111112, 0.002685546875000001, -0.006157769097222222, -0.010904947916666666, 0.008056640625, -0.009223090277777778, 0.003300419560185184, 0.00341796875, 0.005208333333333334, 0.005289713541666666, 0.006591796875000002], [0.010606553819444444, -0.032470703125, 0.0005967881944444445, -0.010904947916666668, 0.008816189236111126, -0.0008861400462962963, 0.0027398003472222225, 0.007161458333333333, 0.002143012152777778, 0.005452473958333334, -0.00341796875, 0.00927734375, -0.0013653790509259266, 0.0037434895833333348, 0.0027940538194444445, -0.005696614583333333], [0.004150390625000001, -0.021837022569444444, 0.003417968749999999, 0.011501736111111112, -0.0008861400462962963, 0.01219798900462965, 0.0018988715277777797, -0.005886501736111112, -0.005289713541666666, -0.011040581597222222, 0.0048828125, 0.0048828125, 0.002495659722222222, 0.006881148726851851, 0.0014648437500000002, -0.007459852430555556], [-0.002712673611111111, -0.001790364583333333, 0.001871744791666666, 0.002685546875000001, 0.0027398003472222225, 0.0018988715277777797, 0.010118272569444434, 0.004050925925925926, -0.00390625, -0.0078125, -0.005832248263888889, -0.001383463541666666, -0.0023600260416666665, -0.0006510416666666665, 0.0015100549768518514, -0.0008138020833333322], [-0.004720052083333334, 5.425347222222203e-05, -0.004313151041666666, -0.006157769097222222, 0.007161458333333333, -0.005886501736111112, 0.004050925925925926, 0.006121600115740748, -0.00927734375, -0.00244140625, 0.009358723958333334, 0.01125759548611111, 0.0013020833333333335, -0.001871744791666666, 0.003146701388888888, -0.0019621672453703706], [0.008780020254629631, -0.03038194444444444, -0.0012207031249999996, -0.010904947916666666, 0.002143012152777778, -0.005289713541666666, -0.00390625, -0.00927734375, 0.006682219328703706, 0.0015552662037037032, 0.0028483072916666665, 0.01904296875, -0.003119574652777778, -0.003011067708333332, 0.005913628472222222, 0.004557291666666666], [0.00732421875, -0.027569806134259262, -0.0030924479166666657, 0.008056640625, 0.005452473958333334, -0.011040581597222222, -0.0078125, -0.00244140625, 0.0015552662037037032, 0.0077853732638889575, -0.002495659722222222, -0.0018717447916666665, 0.0004069010416666678, 0.002522786458333333, 0.004557291666666666, -0.0030381944444444445], [-0.001274956597222222, -0.0078125, -0.0013653790509259248, -0.009223090277777778, -0.00341796875, 0.0048828125, -0.005832248263888889, 0.009358723958333334, 0.0028483072916666665, -0.002495659722222222, 0.004837601273148161, 0.0009584780092592596, -0.0008680555555555559, -0.00390625, -0.002088758680555556, 0.001220703125], [0.002604166666666668, 0.014838324652777776, -0.004069010416666666, 0.003300419560185184, 0.00927734375, 0.0048828125, -0.001383463541666666, 0.01125759548611111, 0.01904296875, -0.0018717447916666665, 0.0009584780092592596, -0.0014377170138888742, 0.008138020833333332, -0.0016818576388888892, -0.0005696614583333322, 0.004530164930555556], [0.002685546875, 0.005289713541666667, -0.003092447916666666, 0.00341796875, -0.0013653790509259266, 0.002495659722222222, -0.0023600260416666665, 0.0013020833333333335, -0.003119574652777778, 0.0004069010416666678, -0.0008680555555555559, 0.008138020833333332, 0.005000361689814825, 0.0004159432870370367, -0.0037706163194444445, -0.007486979166666667], [-0.007080078125, -0.005289713541666665, 0.001953125, 0.005208333333333334, 0.0037434895833333348, 0.006881148726851851, -0.0006510416666666665, -0.001871744791666666, -0.003011067708333332, 0.002522786458333333, -0.00390625, -0.0016818576388888892, 0.0004159432870370367, -0.001708984375000007, -0.0020073784722222203, 0.002577039930555556], [-0.006510416666666666, 0.0029296875, -0.002034505208333333, 0.005289713541666666, 0.0027940538194444445, 0.0014648437500000002, 0.0015100549768518514, 0.003146701388888888, 0.005913628472222222, 0.004557291666666666, -0.002088758680555556, -0.0005696614583333322, -0.0037706163194444445, -0.0020073784722222203, -0.00107602719907407, -0.0011574074074074073], [-0.00146484375, 0.008626302083333334, 0.004638671875, 0.006591796875000002, -0.005696614583333333, -0.007459852430555556, -0.0008138020833333322, -0.0019621672453703706, 0.004557291666666666, -0.0030381944444444445, 0.001220703125, 0.004530164930555556, -0.007486979166666667, 0.002577039930555556, -0.0011574074074074073, -0.00018988715277779705]], "rho_imag": [[0.0, 0.019142433449074077, -0.00439453125, -0.0014377170138888864, 0.006184895833333334, 0.0004340277777777771, 0.003824869791666666, -0.000895182291666667, -0.006745515046296296, -0.00029839409722222246, 0.003038194444444444, -0.004801432291666666, -0.004774305555555555, -0.004069010416666667, 0.008544921875, 0.008056640625], [-0.019142433449074077, 0.0, -0.07256401909722222, 0.024251302083333336, 0.017469618055555552, -0.0005967881944444454, 0.003987630208333333, -0.005940755208333334, 0.0006239149305555555, -0.0022424768518518523, 0.011637369791666666, -0.014214409722222222, -0.0011393229166666665, -0.0005425347222222222, 0.005126953125, -0.007080078124999999], [0.00439453125, 0.07256401909722222, 0.0, -0.009557653356481483, -0.00013563368055555572, 0.008382161458333334, 0.002278645833333334, 0.00320095486111111, -0.0029296875, -0.004964192708333334, -0.0038158275462962963, 0.001817491319444445, -0.00024414062500000054, 0.009521484375, -0.0029839409722222225, -0.00016276041666666658], [0.0014377170138888864, -0.024251302083333336, 0.009557653356481483, 0.0, 0.002848307291666666, -0.005343967013888888, 5.425347222222203e-05, 0.005913628472222222, 0.013427734375, 8.673617379884035e-19, 0.007622612847222221, 0.002314814814814815, 0.005615234375, 0.016357421874999997, 0.0008138020833333332, 0.0022243923611111114], [-0.006184895833333334, -0.017469618055555552, 0.00013563368055555572, -0.002848307291666666, 0.0, -0.005542896412037037, 0.003363715277777778, 0.000678168402777778, -0.0010850694444444447, -0.00439453125, 0.004964192708333333, 0.003173828125, 0.005298755787037037, -0.006483289930555555, -0.007378472222222221, 0.006429036458333334], [-0.0004340277777777771, 0.0005967881944444454, -0.008382161458333334, 0.005343967013888888, 0.005542896412037037, 0.0, -0.00632052951388889, -0.009331597222222222, -0.0001627604166666669, -0.0036892361111111106, -0.001708984375, -0.014567057291666666, 0.003879123263888889, -0.006148726851851852, -0.002522786458333333, 0.008572048611111112], [-0.003824869791666666, -0.003987630208333333, -0.002278645833333334, -5.425347222222203e-05, -0.003363715277777778, 0.00632052951388889, 0.0, 0.0025408709490740743, -0.005126953125, -0.002197265625, -0.0015733506944444454, 0.0024414062499999996, 0.0003255208333333339, -0.012288411458333332, -0.0008861400462962962, 0.001491970486111111], [0.000895182291666667, 0.005940755208333334, -0.00320095486111111, -0.005913628472222222, -0.000678168402777778, 0.009331597222222222, -0.0025408709490740743, 0.0, 0.011474609375, 0.011474609374999998, 0.0027669270833333335, 0.002658420138888889, -0.011474609375, -0.000651041666666667, -0.002794053819444445, 0.0010127314814814812], [0.006745515046296296, -0.0006239149305555555, 0.0029296875, -0.013427734375, 0.0010850694444444447, 0.0001627604166666669, 0.005126953125, -0.011474609375, 0.0, -0.00033456307870370367, 0.003960503472222223, 0.002143012152777778, -0.005967881944444444, -0.004611545138888889, 0.0004069010416666665, 0.006429036458333333], [0.00029839409722222246, 0.0022424768518518523, 0.004964192708333334, -8.673617379884035e-19, 0.00439453125, 0.0036892361111111106, 0.002197265625, -0.011474609374999998, 0.00033456307870370367, 0.0, -0.00290256076388889, -0.005805121527777778, -0.0018988715277777782, 0.009060329861111112, 0.006429036458333333, 0.0013834635416666672], [-0.003038194444444444, -0.011637369791666666, 0.0038158275462962963, -0.007622612847222221, -0.004964192708333333, 0.001708984375, 0.0015733506944444454, -0.0027669270833333335, -0.003960503472222223, 0.00290256076388889, 0.0, 0.0022153501157407413, 0.0016547309027777775, 8.138020833333348e-05, -0.00010850694444444449, 0.001085069444444444], [0.004801432291666666, 0.014214409722222222, -0.001817491319444445, -0.002314814814814815, -0.003173828125, 0.014567057291666666, -0.0024414062499999996, -0.002658420138888889, -0.002143012152777778, 0.005805121527777778, -0.0022153501157407413, 0.0, -0.0005696614583333335, 0.005235460069444445, 0.0011935763888888888, -5.425347222222246e-05], [0.004774305555555555, 0.0011393229166666665, 0.00024414062500000054, -0.005615234375, -0.005298755787037037, -0.003879123263888889, -0.0003255208333333339, 0.011474609375, 0.005967881944444444, 0.0018988715277777782, -0.0016547309027777775, 0.0005696614583333335, 0.0, 0.004602502893518519, -0.003255208333333333, -0.0006239149305555542], [0.004069010416666667, 0.0005425347222222222, -0.009521484375, -0.016357421874999997, 0.006483289930555555, 0.006148726851851852, 0.012288411458333332, 0.000651041666666667, 0.004611545138888889, -0.009060329861111112, -8.138020833333348e-05, -0.005235460069444445, -0.004602502893518519, 0.0, 0.0018174913194444423, 0.002278645833333332], [-0.008544921875, -0.005126953125, 0.0029839409722222225, -0.0008138020833333332, 0.007378472222222221, 0.002522786458333333, 0.0008861400462962962, 0.002794053819444445, -0.0004069010416666665, -0.006429036458333333, 0.00010850694444444449, -0.0011935763888888888, 0.003255208333333333, -0.0018174913194444423, 0.0, -0.0009856047453703706], [-0.008056640625, 0.007080078124999999, 0.00016276041666666658, -0.0022243923611111114, -0.006429036458333334, -0.008572048611111112, -0.001491970486111111, -0.0010127314814814812, -0.006429036458333333, -0.0013834635416666672, -0.001085069444444444, 5.425347222222246e-05, 0.0006239149305555542, -0.002278645833333332, 0.0009856047453703706, 0.0]]}