{"label": "state-prep pilot: muzzle, gate twirl", "fidelity_vs_ideal": 0.8463841774215607, "purity": 0.7388804635883848, "rho_real": [[0.49686234085648145, 0.007197627314814815, -0.21629050925925924, 0.012451171875, 0.08544017650462962, -0.003716362847222222, -0.02753363715277778, 0.0015462239583333335, 0.0024775752314814816, -0.00537109375, 0.00021701388888888899, -0.0009765625, 0.001193576388888889, -0.017333984375, -0.012288411458333334, -0.00341796875], [0.007197627314814815, 0.23857964409722224, -0.007676866319444444, -0.09091073495370369, 0.015326605902777776, 0.030644169560185182, -0.003987630208333333, -0.007025824652777775, 0.002821180555555556, -0.0027850115740740743, -0.019368489583333332, -0.007269965277777778, -0.011962890625, 0.0034722222222222225, 0.01171875, 0.002360026041666666], [-0.21629050925925924, -0.007676866319444444, 0.12444842303240741, -0.010271990740740741, -0.03740776909722222, -0.006266276041666666, 0.010678891782407406, 0.001980251736111111, -0.003851996527777778, 0.0014648437500000009, -0.00018084490740740734, 0.0009765625000000004, -0.0005696614583333326, 0.0048828125, 0.00933159722222222, 0.012939453125], [0.012451171875, -0.09091073495370369, -0.010271990740740741, 0.03858326099537038, -0.001708984375, -0.0035536024305555533, -0.004041883680555556, -0.0014738859953703724, -0.007161458333333332, 0.004611545138888889, 0.010145399305555556, 0.0017180266203703702, 0.01025390625, 0.009195963541666668, 0.0007324218750000009, -0.002061631944444444], [0.08544017650462962, 0.015326605902777776, -0.03740776909722222, -0.001708984375, 0.04104275173611109, -0.005063657407407407, -0.011375144675925923, -0.0007324218750000002, -0.009548611111111112, -0.002360026041666667, 0.005289713541666668, 0.0, -0.0020797164351851853, 0.0017903645833333333, 0.000705295138888889, -0.0029296875], [-0.003716362847222222, 0.030644169560185182, -0.006266276041666666, -0.0035536024305555533, -0.005063657407407407, 0.015398943865740727, -0.003607855902777778, 0.002350983796296297, -0.016194661458333332, -0.0036892361111111114, 0.01025390625, -0.002522786458333332, -0.002061631944444445, 0.0020978009259259257, 0.003092447916666667, -0.002875434027777778], [-0.02753363715277778, -0.003987630208333333, 0.010678891782407406, -0.004041883680555556, -0.011375144675925923, -0.003607855902777778, 0.006085431134259259, 0.0009042245370370367, 0.01570638020833333, -0.01025390625, 0.004774305555555556, 0.004475911458333332, -0.001410590277777778, -0.00244140625, -0.0011574074074074078, 0.0003255208333333335], [0.0015462239583333335, -0.007025824652777775, 0.001980251736111111, -0.0014738859953703724, -0.0007324218750000002, 0.002350983796296297, 0.0009042245370370367, 0.007676866319444437, -0.005859375, -0.012613932291666668, 0.008219401041666668, 0.006727430555555556, 0.003580729166666667, 0.001193576388888889, -0.0005967881944444447, 0.00041594328703703737], [0.0024775752314814816, 0.002821180555555556, -0.003851996527777778, -0.007161458333333332, -0.009548611111111112, -0.016194661458333332, 0.01570638020833333, -0.005859375, 0.023681640624999986, -0.006582754629629629, -0.007794415509259252, -0.002848307291666667, 0.002540870949074077, -0.001600477430555555, -0.002305772569444444, 0.005452473958333333], [-0.00537109375, -0.0027850115740740743, 0.0014648437500000009, 0.004611545138888889, -0.002360026041666667, -0.0036892361111111114, -0.01025390625, -0.012613932291666668, -0.006582754629629629, -0.0006600839120370315, 0.0017632378472222225, 0.005606192129629633, -0.0007866753472222229, -0.0011483651620370367, 0.002848307291666667, -0.002305772569444444], [0.00021701388888888899, -0.019368489583333332, -0.00018084490740740734, 0.010145399305555556, 0.005289713541666668, 0.01025390625, 0.004774305555555556, 0.008219401041666668, -0.007794415509259252, 0.0017632378472222225, 0.0006600839120370211, 0.006546585648148149, -0.0004611545138888881, 0.002522786458333334, 0.001998336226851853, -0.0017632378472222222], [-0.0009765625, -0.007269965277777778, 0.0009765625000000004, 0.0017180266203703702, 0.0, -0.002522786458333332, 0.004475911458333332, 0.006727430555555556, -0.002848307291666667, 0.005606192129629633, 0.006546585648148149, 0.004855685763888885, 0.000244140625, -0.002739800347222222, 0.001329210069444444, 0.0038429542824074073], [0.001193576388888889, -0.011962890625, -0.0005696614583333326, 0.01025390625, -0.0020797164351851853, -0.002061631944444445, -0.001410590277777778, 0.003580729166666667, 0.002540870949074077, -0.0007866753472222229, -0.0004611545138888881, 0.000244140625, -0.0016908998842592726, 0.001012731481481482, 0.0005063657407407482, -0.00040690104166666696], [-0.017333984375, 0.0034722222222222225, 0.0048828125, 0.009195963541666668, 0.0017903645833333333, 0.0020978009259259257, -0.00244140625, 0.001193576388888889, -0.001600477430555555, -0.0011483651620370367, 0.002522786458333334, -0.002739800347222222, 0.001012731481481482, 0.0028302228009259335, -2.7126736111111015e-05, -0.00399667245370371], [-0.012288411458333334, 0.01171875, 0.00933159722222222, 0.0007324218750000009, 0.000705295138888889, 0.003092447916666667, -0.0011574074074074078, -0.0005967881944444447, -0.002305772569444444, 0.002848307291666667, 0.001998336226851853, 0.001329210069444444, 0.0005063657407407482, -2.7126736111111015e-05, 0.002197265625, -0.0014829282407407404], [-0.00341796875, 0.002360026041666666, 0.012939453125, -0.002061631944444444, -0.0029296875, -0.002875434027777778, 0.0003255208333333335, 0.00041594328703703737, 0.005452473958333333, -0.002305772569444444, -0.0017632378472222222, 0.0038429542824074073, -0.00040690104166666696, -0.00399667245370371, -0.0014829282407407404, -0.000551576967592577]], "rho_imag": [[0.0, 0.30079933449074076, 0.002486617476851852, -0.12481011284722221, 0.01951316550925926, 0.051025390625, -0.015028211805555554, -0.019938151041666668, 0.009485315393518517, -0.016872829861111112, -0.001708984375, -0.001790364583333334, 0.002197265625, -0.006754557291666668, -0.0011393229166666676, -0.00439453125], [-0.30079933449074076, 0.0, 0.12388780381944445, -0.01633933738425926, -0.056342230902777776, 0.010235821759259259, 0.017659505208333336, -0.005750868055555554, 0.001410590277777777, -0.0017451533564814812, 0.00927734375, -0.004313151041666666, -0.003987630208333333, 0.008219401041666666, 0.00927734375, 0.005208333333333334], [-0.002486617476851852, -0.12388780381944445, 0.0, 0.06843171296296297, 0.0016818576388888886, -0.019775390625, 0.0003074363425925918, 0.012125651041666668, 0.000515407986111111, 0.0001627604166666661, -0.0025047019675925927, 0.00802951388888889, 0.010742187499999998, 0.0009765625, -0.002197265625, 0.003499348958333332], [0.12481011284722221, 0.01633933738425926, -0.06843171296296297, 0.0, 0.023030598958333332, -0.0036892361111111114, -0.004747178819444444, -0.00018084490740740734, 0.00244140625, -0.006646050347222222, -0.005262586805555556, 0.007749204282407407, -0.0078125, -0.0014648437500000002, -0.003499348958333334, -0.008870442708333334], [-0.01951316550925926, 0.056342230902777776, -0.0016818576388888886, -0.023030598958333332, 0.0, 0.015805844907407406, -0.009394892939814815, -0.011040581597222224, 0.00029839409722222203, -0.0034993489583333335, -0.001302083333333333, 0.0029296875, -0.0018536603009259257, -0.001085069444444444, 0.002685546875, -0.0017903645833333335], [-0.051025390625, -0.010235821759259259, 0.019775390625, 0.0036892361111111114, -0.015805844907407406, 0.0, 0.004584418402777776, 0.004982277199074074, 0.010986328125, -0.0005154079861111114, 0.0029296875, 0.00016276041666666652, -0.0029839409722222216, 0.00709816261574074, 0.00537109375, 8.138020833333304e-05], [0.015028211805555554, -0.017659505208333336, -0.0003074363425925918, 0.004747178819444444, 0.009394892939814815, -0.004584418402777776, 0.0, 0.0018627025462962972, 0.0011393229166666665, 0.01513671875, 0.001112196180555556, -0.005940755208333334, -0.002902560763888889, 0.0030924479166666665, 0.0027578848379629633, 0.001356336805555556], [0.019938151041666668, 0.005750868055555554, -0.012125651041666668, 0.00018084490740740734, 0.011040581597222224, -0.004982277199074074, -0.0018627025462962972, 0.0, -0.00341796875, 0.005533854166666666, -0.012939453125000002, -0.0006781684027777784, -0.00439453125, 0.003607855902777778, 0.0010850694444444445, -0.005868417245370371], [-0.009485315393518517, -0.001410590277777777, -0.000515407986111111, -0.00244140625, -0.00029839409722222203, -0.010986328125, -0.0011393229166666665, 0.00341796875, 0.0, 0.01249638310185184, 4.52112268518514e-05, -0.0032280815972222307, -0.005443431712962962, 0.003173828124999995, 0.005154079861111111, -0.002360026041666667], [0.016872829861111112, 0.0017451533564814812, -0.0001627604166666661, 0.006646050347222222, 0.0034993489583333335, 0.0005154079861111114, -0.01513671875, -0.005533854166666666, -0.01249638310185184, 0.0, 0.008490668402777783, 0.007586443865740741, -0.0003526475694444423, 0.00025318287037036976, 0.0020345052083333343, -0.00021701388888888899], [0.001708984375, -0.00927734375, 0.0025047019675925927, 0.005262586805555556, 0.001302083333333333, -0.0029296875, -0.001112196180555556, 0.012939453125000002, -4.52112268518514e-05, -0.008490668402777783, 0.0, -0.0007957175925925909, -0.003200954861111111, 0.001708984374999999, 0.00464771412037037, -0.003499348958333334], [0.001790364583333334, 0.004313151041666666, -0.00802951388888889, -0.007749204282407407, -0.0029296875, -0.00016276041666666652, 0.005940755208333334, 0.0006781684027777784, 0.0032280815972222307, -0.007586443865740741, 0.0007957175925925909, 0.0, 0.0015462239583333335, -0.001736111111111111, -0.004421657986111112, -0.00039785879629629633], [-0.002197265625, 0.003987630208333333, -0.010742187499999998, 0.0078125, 0.0018536603009259257, 0.0029839409722222216, 0.002902560763888889, 0.00439453125, 0.005443431712962962, 0.0003526475694444423, 0.003200954861111111, -0.0015462239583333335, 0.0, -0.00036168981481481816, 0.0018355758101851853, -0.0007866753472222203], [0.006754557291666668, -0.008219401041666666, -0.0009765625, 0.0014648437500000002, 0.001085069444444444, -0.00709816261574074, -0.0030924479166666665, -0.003607855902777778, -0.003173828124999995, -0.00025318287037036976, -0.001708984374999999, 0.001736111111111111, 0.00036168981481481816, 0.0, 0.0005154079861111154, -0.0023419415509259257], [0.0011393229166666676, -0.00927734375, 0.002197265625, 0.003499348958333334, -0.002685546875, -0.00537109375, -0.0027578848379629633, -0.0010850694444444445, -0.005154079861111111, -0.0020345052083333343, -0.00464771412037037, 0.004421657986111112, -0.0018355758101851853, -0.0005154079861111154, 0.0, 0.0016456886574073952], [0.00439453125, -0.005208333333333334, -0.003499348958333332, 0.008870442708333334, 0.0017903645833333335, -8.138020833333304e-05, -0.001356336805555556, 0.005868417245370371, 0.002360026041666667, 0.00021701388888888899, 0.003499348958333334, 0.00039785879629629633, 0.0007866753472222203, 0.0023419415509259257, -0.0016456886574073952, 0.0]]}