{"label": "state-prep 5: muzzle", "fidelity_vs_ideal": 0.904970726122737, "purity": 0.8534340590279453, "rho_real": [[0.5150372540509259, -0.011158130787037038, -0.24338107638888887, 0.000461154513888889, 0.07384801793981481, 0.016655815972222224, -0.03797743055555555, -0.007242838541666667, 0.005967881944444444, 0.021430121527777776, 0.004503038194444444, -0.028645833333333332, -0.011393229166666668, 0.018717447916666668, 0.005208333333333333, -0.0048828125], [-0.011158130787037038, 0.23179796006944445, -0.007351345486111111, -0.10221354166666666, -0.01806640625, 0.034459997106481476, 0.010823567708333332, -0.015028211805555552, -0.02240668402777778, -0.0010308159722222225, 0.027343749999999997, 0.00043402777777777797, -0.0001627604166666674, 0.005859375, 0.00341796875, -0.010904947916666668], [-0.24338107638888887, -0.007351345486111111, 0.12934932002314817, 0.004195601851851851, -0.027940538194444448, -0.013753255208333332, 0.016230830439814818, 0.006890190972222222, -0.008734809027777778, -0.01171875, -0.0010850694444444445, 0.006781684027777777, -0.0013020833333333333, -0.00244140625, 0.014322916666666666, -0.008626302083333332], [0.000461154513888889, -0.10221354166666666, 0.004195601851851851, 0.04641384548611112, 0.001383463541666667, -0.028103298611111112, -0.00146484375, 0.007116247106481481, 0.0126953125, -0.002061631944444444, -0.007107204861111112, 0.005262586805555555, 0.00390625, -0.002766927083333333, -0.003092447916666667, -0.004557291666666667], [0.07384801793981481, -0.01806640625, -0.027940538194444448, 0.001383463541666667, 0.03236219618055558, 0.0005606192129629633, -0.015625000000000007, 0.002088758680555556, -0.002658420138888889, 0.004720052083333335, 0.00341796875, 0.0068359375, 0.0008680555555555551, 0.00873480902777778, -0.002495659722222222, 0.006998697916666667], [0.016655815972222224, 0.034459997106481476, -0.013753255208333332, -0.028103298611111112, 0.0005606192129629633, 0.007369429976851853, 0.005018446180555556, -0.0023871527777777866, -0.006998697916666666, -0.0013563368055555555, 0.00146484375, -0.0009765625, -0.002875434027777778, 0.002007378472222222, -0.01123046875, -0.002658420138888889], [-0.03797743055555555, 0.010823567708333332, 0.016230830439814818, -0.00146484375, -0.015625000000000007, 0.005018446180555556, 0.010823567708333343, -0.0036168981481481477, -0.004720052083333334, -0.00634765625, 0.004503038194444446, -0.001139322916666667, 0.006401909722222222, 0.00146484375, 0.0009765625, -0.006890190972222224], [-0.007242838541666667, -0.015028211805555552, 0.006890190972222222, 0.007116247106481481, 0.002088758680555556, -0.0023871527777777866, -0.0036168981481481477, 0.0018898292824074125, 0.001953125, -0.006184895833333334, 0.001790364583333333, 0.002875434027777777, 0.00048828124999999913, 0.003309461805555555, 0.003634982638888889, -0.004069010416666667], [0.005967881944444444, -0.02240668402777778, -0.008734809027777778, 0.0126953125, -0.002658420138888889, -0.006998697916666666, -0.004720052083333334, 0.001953125, 0.014331958912037035, -0.00784866898148148, -0.008789062500000007, -0.005235460069444444, 0.002830222800925925, 0.000542534722222222, 0.002712673611111111, 0.001057942708333333], [0.021430121527777776, -0.0010308159722222225, -0.01171875, -0.002061631944444444, 0.004720052083333335, -0.0013563368055555555, -0.00634765625, -0.006184895833333334, -0.00784866898148148, 0.0025770399305555663, 0.009412977430555556, 0.001844618055555556, -0.005859375, 0.0012026186342592596, -0.00040690104166666696, -0.0016818576388888881], [0.004503038194444444, 0.027343749999999997, -0.0010850694444444445, -0.007107204861111112, 0.00341796875, 0.00146484375, 0.004503038194444446, 0.001790364583333333, -0.008789062500000007, 0.009412977430555556, 0.004837601273148154, 0.0022967303240740734, 0.002658420138888889, -0.002522786458333333, 0.0021791811342592605, 0.001519097222222222], [-0.028645833333333332, 0.00043402777777777797, 0.006781684027777777, 0.005262586805555555, 0.0068359375, -0.0009765625, -0.001139322916666667, 0.002875434027777777, -0.005235460069444444, 0.001844618055555556, 0.0022967303240740734, -0.0012749565972222238, 0.008707682291666668, 0.004448784722222224, -0.00390625, -0.0023781105324074073], [-0.011393229166666668, -0.0001627604166666674, -0.0013020833333333333, 0.00390625, 0.0008680555555555551, -0.002875434027777778, 0.006401909722222222, 0.00048828124999999913, 0.002830222800925925, -0.005859375, 0.002658420138888889, 0.008707682291666668, 8.138020833334259e-05, 0.004521122685185185, 0.002495659722222217, 0.001274956597222222], [0.018717447916666668, 0.005859375, -0.00244140625, -0.002766927083333333, 0.00873480902777778, 0.002007378472222222, 0.00146484375, 0.003309461805555555, 0.000542534722222222, 0.0012026186342592596, -0.002522786458333333, 0.004448784722222224, 0.004521122685185185, 0.0024323640046296363, -0.006537543402777778, -0.0015190972222222272], [0.005208333333333333, 0.00341796875, 0.014322916666666666, -0.003092447916666667, -0.002495659722222222, -0.01123046875, 0.0009765625, 0.003634982638888889, 0.002712673611111111, -0.00040690104166666696, 0.0021791811342592605, -0.00390625, 0.002495659722222217, -0.006537543402777778, -0.002685546875, -0.0009584780092592596], [-0.0048828125, -0.010904947916666668, -0.008626302083333332, -0.004557291666666667, 0.006998697916666667, -0.002658420138888889, -0.006890190972222224, -0.004069010416666667, 0.001057942708333333, -0.0016818576388888881, 0.001519097222222222, -0.0023781105324074073, 0.001274956597222222, -0.0015190972222222272, -0.0009584780092592596, 0.004656756365740727]], "rho_imag": [[0.0, 0.32694950810185186, -0.008987991898148149, -0.13444010416666669, -0.013337311921296294, 0.04885525173611111, 0.00018988715277777732, -0.027262369791666668, -0.041702835648148154, 0.006917317708333334, 0.03008355034722222, 0.007975260416666666, -0.008816189236111112, -0.00016276041666666696, 0.0006510416666666667, -0.022216796875], [-0.32694950810185186, 0.0, 0.16015625, 0.004358362268518518, -0.04597981770833333, -0.016212745949074073, 0.026285807291666668, 0.0031195746527777762, 0.0001356336805555555, -0.01001880787037037, -0.0107421875, 0.004041883680555557, 0.006510416666666666, -0.000678168402777778, -0.000732421875, 0.00016276041666666696], [0.008987991898148149, -0.16015625, 0.0, 0.07277199074074076, 0.007785373263888888, -0.009521484374999998, -0.004222728587962963, 0.008002387152777776, 0.03160264756944445, -0.008626302083333334, -0.015281394675925927, -0.003824869791666667, -0.004069010416666667, -0.006591796875, 0.001600477430555556, 0.004231770833333334], [0.13444010416666669, -0.004358362268518518, -0.07277199074074076, 0.0, 0.016031901041666668, 0.008436414930555556, -0.012613932291666668, -0.002866391782407407, 0.009114583333333334, -0.0012749565972222212, 0.003390842013888889, 0.0014286747685185162, -0.008544921875, 0.004231770833333333, -0.004720052083333334, -2.7126736111111015e-05], [0.013337311921296294, 0.04597981770833333, -0.007785373263888888, -0.016031901041666668, 0.0, 0.013852719907407413, 0.0038700810185185184, -0.013020833333333336, 0.0006781684027777771, -0.01708984375, -0.005208333333333333, 0.000732421875, -0.004593460648148145, -0.002685546875, -0.01093207465277778, -0.009114583333333334], [-0.04885525173611111, 0.016212745949074073, 0.009521484374999998, -0.008436414930555556, -0.013852719907407413, 0.0, 0.0013020833333333356, -0.0006872106481481477, 0.011393229166666668, -0.006157769097222222, -0.000244140625, -0.001790364583333334, -0.001980251736111111, -0.0035083912037037024, 0.00048828125, 0.006971571180555556], [-0.00018988715277777732, -0.026285807291666668, 0.004222728587962963, 0.012613932291666668, -0.0038700810185185184, -0.0013020833333333356, 0.0, 0.004141348379629629, 0.00439453125, -0.002197265625, 0.0003526475694444449, 0.0087890625, -0.0006239149305555568, 0.008463541666666666, 0.00880714699074074, 0.002197265625], [0.027262369791666668, -0.0031195746527777762, -0.008002387152777776, 0.002866391782407407, 0.013020833333333336, 0.0006872106481481477, -0.004141348379629629, 0.0, 0.010498046875, -0.0009765625, -0.007649739583333333, 0.0013292100694444447, 0.001790364583333334, 0.002631293402777778, 0.0012749565972222216, -0.001175491898148149], [0.041702835648148154, -0.0001356336805555555, -0.03160264756944445, -0.009114583333333334, -0.0006781684027777771, -0.011393229166666668, -0.00439453125, -0.010498046875, 0.0, 0.005280671296296308, 0.005551938657407407, -0.006510416666666664, -0.0045482494212962955, 0.003445095486111112, 0.004747178819444445, 0.0010579427083333335], [-0.006917317708333334, 0.01001880787037037, 0.008626302083333334, 0.0012749565972222212, 0.01708984375, 0.006157769097222222, 0.002197265625, 0.0009765625, -0.005280671296296308, 0.0, 0.005533854166666664, -0.0029116030092592596, -0.005452473958333332, 0.0026674623842592596, 0.002848307291666666, 0.0008409288194444443], [-0.03008355034722222, 0.0107421875, 0.015281394675925927, -0.003390842013888889, 0.005208333333333333, 0.000244140625, -0.0003526475694444449, 0.007649739583333333, -0.005551938657407407, -0.005533854166666664, 0.0, 0.0024052372685185244, 0.006808810763888889, 0.001220703125, -0.0038972077546296294, -0.001274956597222222], [-0.007975260416666666, -0.004041883680555557, 0.003824869791666667, -0.0014286747685185162, -0.000732421875, 0.001790364583333334, -0.0087890625, -0.0013292100694444447, 0.006510416666666664, 0.0029116030092592596, -0.0024052372685185244, 0.0, 0.0023600260416666674, -0.001329210069444445, 0.001546223958333334, -0.0002622251157407408], [0.008816189236111112, -0.006510416666666666, 0.004069010416666667, 0.008544921875, 0.004593460648148145, 0.001980251736111111, 0.0006239149305555568, -0.001790364583333334, 0.0045482494212962955, 0.005452473958333332, -0.006808810763888889, -0.0023600260416666674, 0.0, 0.0007776331018518601, 0.00018084490740740648, 0.0026041666666666713], [0.00016276041666666696, 0.000678168402777778, 0.006591796875, -0.004231770833333333, 0.002685546875, 0.0035083912037037024, -0.008463541666666666, -0.002631293402777778, -0.003445095486111112, -0.0026674623842592596, -0.001220703125, 0.001329210069444445, -0.0007776331018518601, 0.0, -0.001953125, -0.0007957175925925927], [-0.0006510416666666667, 0.000732421875, -0.001600477430555556, 0.004720052083333334, 0.01093207465277778, -0.00048828125, -0.00880714699074074, -0.0012749565972222216, -0.004747178819444445, -0.002848307291666666, 0.0038972077546296294, -0.001546223958333334, -0.00018084490740740648, 0.001953125, 0.0, 0.0001808449074074056], [0.022216796875, -0.00016276041666666696, -0.004231770833333334, 2.7126736111111015e-05, 0.009114583333333334, -0.006971571180555556, -0.002197265625, 0.001175491898148149, -0.0010579427083333335, -0.0008409288194444443, 0.001274956597222222, 0.0002622251157407408, -0.0026041666666666713, 0.0007957175925925927, -0.0001808449074074056, 0.0]]}