{"label": "state-prep 4: right ear", "fidelity_vs_ideal": 0.8945770707228189, "purity": 0.8365594395557713, "rho_real": [[0.15425166377314814, 0.11386899594907407, -0.01713505497685185, -0.12263997395833334, -0.11405888310185185, -0.014458550347222227, 0.05314127604166667, 0.05289713541666667, 0.004530164930555556, -0.029758029513888888, -0.027940538194444444, 0.004557291666666666, 0.009847005208333334, 0.006347656249999998, 0.006103515625, 0.005859375], [0.11386899594907407, 0.1533655237268519, 0.09898546006944445, -0.05467845775462963, -0.11650933159722222, -0.05334924768518519, 0.025390625, 0.059326171875, 0.033284505208333336, -0.014458550347222224, -0.023111979166666664, -0.018988715277777776, -0.014811197916666664, 0.006103515625000001, 0.00537109375, 0.00024414062499999957], [-0.01713505497685185, 0.09898546006944445, 0.21926540798611113, 0.1075755931712963, -0.04402669270833333, -0.08935546875, -0.043258101851851846, 0.035834418402777776, 0.05392795138888888, 0.0234375, -0.009847005208333332, -0.03219943576388889, -0.015543619791666668, -0.0048828125, 0.007080078125, 0.004394531250000002], [-0.12263997395833334, -0.05467845775462963, 0.1075755931712963, 0.17606155960648148, 0.06477864583333333, -0.03328450520833333, -0.07435438368055555, -0.05090784143518519, 0.010742187500000002, 0.04367404513888889, 0.018473307291666668, -0.014838324652777776, -0.00927734375, -0.01066080729166667, 0.013509114583333336, 0.008219401041666668], [-0.11405888310185185, -0.11650933159722222, -0.04402669270833333, 0.06477864583333333, 0.09826208043981481, 0.037046079282407406, -0.029504846643518517, -0.042236328125, -0.011149088541666666, 0.021809895833333332, 0.028727213541666668, 0.00390625, -0.005181206597222222, -0.009412977430555558, -0.006456163194444444, 0.0016276041666666665], [-0.014458550347222227, -0.05334924768518519, -0.08935546875, -0.03328450520833333, 0.037046079282407406, 0.06688548900462962, 0.011420355902777776, -0.020173249421296294, -0.04654947916666667, -0.008382161458333334, 0.01220703125, 0.007242838541666666, 0.014241536458333334, -0.003336588541666668, -0.008463541666666666, 0.0024956597222222238], [0.05314127604166667, 0.025390625, -0.043258101851851846, -0.07435438368055555, -0.029504846643518517, 0.011420355902777776, 0.03447808159722223, 0.017406322337962965, -0.009195963541666666, -0.0234375, -0.009033203125, -0.003580729166666668, 0.01030815972222222, 0.0019531249999999996, 0.0006239149305555546, -0.005995008680555554], [0.05289713541666667, 0.059326171875, 0.035834418402777776, -0.05090784143518519, -0.042236328125, -0.020173249421296294, 0.017406322337962965, 0.0291431568287037, 0.03369140625, -0.012125651041666666, -0.012369791666666671, -0.011149088541666668, -0.0009765624999999996, 5.4253472222216825e-05, 0.0013834635416666678, -0.003065321180555555], [0.004530164930555556, 0.033284505208333336, 0.05392795138888888, 0.010742187500000002, -0.011149088541666666, -0.04654947916666667, -0.009195963541666666, 0.03369140625, 0.024079499421296283, 0.016592520254629626, -0.00617585358796296, -0.009521484374999993, -0.00528067129629629, 0.0016547309027777797, 0.004801432291666668, -0.0003255208333333322], [-0.029758029513888888, -0.014458550347222224, 0.0234375, 0.04367404513888889, 0.021809895833333332, -0.008382161458333334, -0.0234375, -0.012125651041666666, 0.016592520254629626, 0.021891276041666678, 0.0008409288194444406, -0.004005714699074072, -0.006320529513888892, -0.006745515046296296, -0.00341796875, 0.0070800781249999965], [-0.027940538194444444, -0.023111979166666664, -0.009847005208333332, 0.018473307291666668, 0.028727213541666668, 0.01220703125, -0.009033203125, -0.012369791666666671, -0.00617585358796296, 0.0008409288194444406, 0.009557653356481486, -0.004674840856481479, 0.003336588541666668, 0.0087890625, -0.00772207754629629, -0.007622612847222224], [0.004557291666666666, -0.018988715277777776, -0.03219943576388889, -0.014838324652777776, 0.00390625, 0.007242838541666666, -0.003580729166666668, -0.011149088541666668, -0.009521484374999993, -0.004005714699074072, -0.004674840856481479, 0.0047652633101851975, 0.005696614583333332, 0.0004069010416666678, -0.0022515190972222238, 0.004484953703703704], [0.009847005208333334, -0.014811197916666664, -0.015543619791666668, -0.00927734375, -0.005181206597222222, 0.014241536458333334, 0.01030815972222222, -0.0009765624999999996, -0.00528067129629629, -0.006320529513888892, 0.003336588541666668, 0.005696614583333332, 0.002920645254629633, -0.004566333912037035, 0.0009856047453703724, -0.00040690104166666435], [0.006347656249999998, 0.006103515625000001, -0.0048828125, -0.01066080729166667, -0.009412977430555558, -0.003336588541666668, 0.0019531249999999996, 5.4253472222216825e-05, 0.0016547309027777797, -0.006745515046296296, 0.0087890625, 0.0004069010416666678, -0.004566333912037035, 0.00018988715277778144, 0.004096137152777769, -0.002703631365740736], [0.006103515625, 0.00537109375, 0.007080078125, 0.013509114583333336, -0.006456163194444444, -0.008463541666666666, 0.0006239149305555546, 0.0013834635416666678, 0.004801432291666668, -0.00341796875, -0.00772207754629629, -0.0022515190972222238, 0.0009856047453703724, 0.004096137152777769, 0.006085431134259267, 0.0018355758101851923], [0.005859375, 0.00024414062499999957, 0.004394531250000002, 0.008219401041666668, 0.0016276041666666665, 0.0024956597222222238, -0.005995008680555554, -0.003065321180555555, -0.0003255208333333322, 0.0070800781249999965, -0.007622612847222224, 0.004484953703703704, -0.00040690104166666435, -0.002703631365740736, 0.0018355758101851923, -0.0012026186342592535]], "rho_imag": [[0.0, -0.09025969328703703, -0.16365559895833334, -0.0776095920138889, 0.04706488715277778, 0.0866970486111111, 0.045708550347222224, -0.03629557291666667, -0.045075593171296294, -0.02037217881944445, -0.005018446180555556, 0.021891276041666664, 0.01315646701388889, -0.0001627604166666661, -0.0087890625, 0.005126953125], [0.09025969328703703, 0.0, -0.14407009548611113, -0.145263671875, -0.02918836805555556, 0.06816948784722222, 0.06624348958333333, -0.004421657986111115, -0.038547092013888895, -0.0318919994212963, -0.011149088541666668, 0.02492947048611111, 0.019694010416666664, 0.004530164930555558, 0.000732421875, -0.0078125], [0.16365559895833334, 0.14407009548611113, 0.0, -0.15449580439814817, -0.12253146701388888, -0.02229817708333333, 0.06317816840277778, 0.06586371527777779, 0.013699001736111112, -0.043212890625, -0.036449291087962965, -0.006700303819444446, 0.015625, 0.004638671875, -0.001817491319444444, -0.009928385416666666], [0.0776095920138889, 0.145263671875, 0.15449580439814817, 0.0, -0.09456380208333333, -0.09063042534722222, 0.0014105902777777762, 0.05531141493055556, 0.049072265625, -0.010389539930555556, -0.026828342013888888, -0.021638093171296294, -0.006591796875, 0.009765625, -0.001790364583333334, -0.004584418402777776], [-0.04706488715277778, 0.02918836805555556, 0.12253146701388888, 0.09456380208333333, 0.0, -0.049786603009259245, -0.045545789930555566, 0.0036078559027777806, 0.03968641493055556, 0.027018229166666664, -0.005045572916666668, -0.013427734375, -0.013337311921296299, 0.0006239149305555538, 0.014024522569444446, -0.002034505208333334], [-0.0866970486111111, -0.06816948784722222, 0.02229817708333333, 0.09063042534722222, 0.049786603009259245, 0.0, -0.03225368923611111, -0.02943250868055556, 0.017903645833333336, 0.02585177951388889, 0.019287109375, 0.006673177083333333, -0.010389539930555558, -0.006664134837962966, -0.0028483072916666644, -0.002902560763888889], [-0.045708550347222224, -0.06624348958333333, -0.06317816840277778, -0.0014105902777777762, 0.045545789930555566, 0.03225368923611111, 0.0, -0.026457609953703706, -0.016438802083333332, 0.000732421875, 0.014946831597222224, 0.016276041666666664, -0.002088758680555557, -0.004638671875, -0.003408926504629631, 0.003553602430555554], [0.03629557291666667, 0.004421657986111115, -0.06586371527777779, -0.05531141493055556, -0.0036078559027777806, 0.02943250868055556, 0.026457609953703706, 0.0, -0.016357421875, -0.017415364583333332, -0.016276041666666664, -0.0008409288194444436, 0.012451171875, -0.002739800347222222, 0.0023057725694444445, -0.0009675202546296305], [0.045075593171296294, 0.038547092013888895, -0.013699001736111112, -0.049072265625, -0.03968641493055556, -0.017903645833333336, 0.016438802083333332, 0.016357421875, 0.0, -0.01370804398148149, -0.014404296875000007, 0.008002387152777781, 0.004475911458333334, 0.004177517361111112, 0.008273654513888885, 0.004720052083333332], [0.02037217881944445, 0.0318919994212963, 0.043212890625, 0.010389539930555556, -0.027018229166666664, -0.02585177951388889, -0.000732421875, 0.017415364583333332, 0.01370804398148149, 0.0, -0.009304470486111103, -0.007731119791666664, -0.001356336805555556, 0.0014919704861111101, 0.003743489583333332, 0.005995008680555556], [0.005018446180555556, 0.011149088541666668, 0.036449291087962965, 0.026828342013888888, 0.005045572916666668, -0.019287109375, -0.014946831597222224, 0.016276041666666664, 0.014404296875000007, 0.009304470486111103, 0.0, -0.0060040509259259404, -0.004041883680555556, -0.005696614583333332, 0.0030110677083333304, 0.0009223090277777762], [-0.021891276041666664, -0.02492947048611111, 0.006700303819444446, 0.021638093171296294, 0.013427734375, -0.006673177083333333, -0.016276041666666664, 0.0008409288194444436, -0.008002387152777781, 0.007731119791666664, 0.0060040509259259404, 0.0, -0.0017903645833333322, -0.0024142795138888846, -0.003960503472222224, 0.00035264756944444883], [-0.01315646701388889, -0.019694010416666664, -0.015625, 0.006591796875, 0.013337311921296299, 0.010389539930555558, 0.002088758680555557, -0.012451171875, -0.004475911458333334, 0.001356336805555556, 0.004041883680555556, 0.0017903645833333322, 0.0, -0.004810474537037028, -0.004692925347222234, -0.005506727430555552], [0.0001627604166666661, -0.004530164930555558, -0.004638671875, -0.009765625, -0.0006239149305555538, 0.006664134837962966, 0.004638671875, 0.002739800347222222, -0.004177517361111112, -0.0014919704861111101, 0.005696614583333332, 0.0024142795138888846, 0.004810474537037028, 0.0, -2.7126736111106678e-05, -0.0002983940972222307], [0.0087890625, -0.000732421875, 0.001817491319444444, 0.001790364583333334, -0.014024522569444446, 0.0028483072916666644, 0.003408926504629631, -0.0023057725694444445, -0.008273654513888885, -0.003743489583333332, -0.0030110677083333304, 0.003960503472222224, 0.004692925347222234, 2.7126736111106678e-05, 0.0, 0.0006148726851851888], [-0.005126953125, 0.0078125, 0.009928385416666666, 0.004584418402777776, 0.002034505208333334, 0.002902560763888889, -0.003553602430555554, 0.0009675202546296305, -0.004720052083333332, -0.005995008680555556, -0.0009223090277777762, -0.00035264756944444883, 0.005506727430555552, 0.0002983940972222307, -0.0006148726851851888, 0.0]]}