{"component": "right ear", "line": [82, 83, 96, 103, 104], "fidelity_vs_ideal": 0.6964719518690323, "purity": 0.5981624440764566, "rho_real": [[0.05916341145833334, 0.039440767264660496, 0.02692931375385802, -0.03857873987268519, -0.03944980951003087, -0.01784487123842593, 0.018437138310185185, 0.04395887586805555, 0.011409806616512346, -0.030730070891203703, -0.039265950520833336, -0.002143012152777779, 0.02008282696759259, 0.007581922743055559, 0.009467230902777776, 0.002360026041666668, 0.00033456307870370367, 0.0002848307291666663, -0.0010036892361111104, -0.0001356336805555553, 0.0008770978009259255, 0.004150390625, 0.003526475694444444, -0.0016682942708333335, -0.00290256076388889, -0.002549913194444444, 0.006171332465277778, 0.006754557291666666, 0.004258897569444444, 0.001993815104166666, 0.0007731119791666667, -0.0045166015625], [0.039440767264660496, 0.08389093846450618, 0.06623896846064814, -0.004989812403549384, -0.052440502025462965, -0.0525339385609568, -0.010565863715277781, 0.039595992476851846, 0.04305465133101852, -0.02305019048996913, -0.049370659722222224, -0.021877712673611115, 0.006442599826388888, 0.011429398148148145, 0.0032552083333333343, -0.003716362847222222, -0.0002577039930555553, 0.003662109375, -0.006320529513888889, -0.003363715277777778, 8.138020833333391e-05, 0.0031828703703703706, 0.0040283203125, 0.006374782986111113, -0.003417968749999999, -0.003200954861111111, 0.007324218750000001, 0.006334092881944444, 0.010457356770833334, -0.002495659722222223, 0.0054931640625, -0.007771809895833332], [0.02692931375385802, 0.06623896846064814, 0.132568359375, 0.05885446807484568, -0.03625036168981481, -0.06780327690972221, -0.06343888647762344, 0.021299008969907413, 0.0775508174189815, 0.010877821180555552, -0.04390160831404321, -0.062386971932870364, -0.007405598958333336, 0.020670572916666668, 0.019024884259259262, 0.01702202690972223, -0.0031105324074074073, 0.005588107638888889, 0.004937065972222222, -0.004299587673611112, -0.010579427083333334, -0.007039388020833334, 0.003155743634259259, 0.005696614583333333, -0.005655924479166666, -0.007649739583333334, -0.005967881944444443, -0.0004340277777777771, 0.003377278645833333, 0.0059814453125, 0.002549913194444445, -0.006062825520833334], [-0.03857873987268519, -0.004989812403549384, 0.05885446807484568, 0.13170633198302467, 0.042168511284722224, -0.02811234085648148, -0.07633915653935186, -0.04657509886188271, 0.03369140625, 0.058860496238425916, 0.029843930844907406, -0.04385639708719136, -0.028401692708333336, -0.010660807291666671, 0.023369683159722224, 0.03576208043981481, -0.004557291666666666, -0.0014015480324074076, 0.004652235243055556, -0.0019350405092592592, -0.005900065104166668, 0.004150390625, -0.009114583333333332, 0.0035083912037037037, -0.0013834635416666663, 0.004109700520833332, -0.012532552083333332, -0.005126953125, -0.0084228515625, 0.004109700520833333, 0.003377278645833334, 0.0006781684027777779], [-0.03944980951003087, -0.052440502025462965, -0.03625036168981481, 0.042168511284722224, 0.06569492669753085, 0.024204583815586416, -0.016491548514660493, -0.05648238570601852, -0.01510054976851852, 0.036336263020833336, 0.05002170138888889, 0.0008951822916666665, -0.01835726514274691, -0.01635290075231481, -0.01737467447916667, 0.007703993055555556, 0.0016999421296296296, 0.0006781684027777775, 0.0003255208333333326, 0.0032958984374999996, 0.00019892939814814816, -0.006822374131944444, -0.00029839409722222225, 0.0009223090277777778, 0.008463541666666668, 0.0084228515625, -0.003295898437500001, -0.0045166015625, -0.002631293402777778, 0.001437717013888889, -0.0028618706597222225, -8.138020833333326e-05], [-0.01784487123842593, -0.0525339385609568, -0.06780327690972221, -0.02811234085648148, 0.024204583815586416, 0.06642433449074076, 0.04453757957175926, -0.016943660783179014, -0.035603841145833336, -0.0027578848379629624, 0.043294270833333336, 0.02756076388888889, 0.008006908275462965, -0.01386326919367284, -0.017713758680555556, -0.0058458116319444475, 0.001817491319444445, -0.003264250578703704, -0.010213216145833334, 0.004475911458333332, 0.005601671006944445, -0.0010850694444444443, 0.0010850694444444445, -0.005262586805555555, -0.006876627604166667, 0.000732421875, 0.0045166015625, -0.004028320312500001, -0.001546223958333333, -0.0004882812499999998, -0.0014648437500000004, 0.004625108506944444], [0.018437138310185185, -0.010565863715277781, -0.06343888647762344, -0.07633915653935186, -0.016491548514660493, 0.04453757957175926, 0.07108410493827162, 0.031085732542438273, -0.035481770833333336, -0.04443359375, -0.0076406973379629615, 0.045125325520833336, 0.026416919849537035, 0.010633680555555552, -0.014478141878858024, -0.024572301793981483, -0.0012478298611111114, 0.0057373046875, -0.0019892939814814816, -0.003797743055555556, 0.0018807870370370365, -0.003119574652777778, -0.004584418402777778, 0.0001491970486111109, -0.005900065104166667, 0.0025634765625, 0.002685546875000001, 0.0057373046875, 0.004842122395833334, 0.002604166666666667, -0.0016276041666666672, 0.004530164930555555], [0.04395887586805555, 0.039595992476851846, 0.021299008969907413, -0.04657509886188271, -0.05648238570601852, -0.016943660783179014, 0.031085732542438273, 0.05881076388888888, -0.0038248697916666696, -0.044108072916666664, -0.056437174479166664, -0.00018084490740740995, 0.018798828124999993, 0.020096390335648154, 0.004887333622685185, -0.017145604263117283, -0.0054931640625, 0.0024142795138888877, 0.002875434027777778, -0.0020706741898148147, 0.0028483072916666665, 0.0022876880787037037, 0.002210828993055555, 0.0015100549768518516, -0.0001220703125, 0.0006917317708333333, 0.004109700520833334, 0.0017903645833333337, 0.004964192708333334, -0.005411783854166666, 0.004964192708333334, -0.00029839409722222225], [0.011409806616512346, 0.04305465133101852, 0.0775508174189815, 0.03369140625, -0.01510054976851852, -0.035603841145833336, -0.035481770833333336, -0.0038248697916666696, 0.06207200038580247, 0.018173406153549388, -0.02821934076003086, -0.0368968822337963, -0.01815532166280864, 0.00792552806712963, 0.016104239004629626, 0.003512912326388888, -0.005579065393518518, -0.002414279513888889, 0.007554796006944442, -0.002360026041666667, -0.002522786458333333, 0.0028076171874999996, 0.004679361979166667, -0.0079345703125, 0.0035355179398148147, -0.0031060112847222216, -0.007595486111111111, 0.00018988715277777754, 0.0024775752314814816, 0.004313151041666667, 0.0016547309027777784, -0.0006917317708333335], [-0.030730070891203703, -0.02305019048996913, 0.010877821180555552, 0.058860496238425916, 0.036336263020833336, -0.0027578848379629624, -0.04443359375, -0.044108072916666664, 0.018173406153549388, 0.050503954475308636, 0.02516908998842593, -0.01527084538966049, -0.018803349247685182, -0.00639136043595679, 0.00790744357638889, 0.01187246817129629, -0.004041883680555555, -0.00045211226851851836, -0.006835937499999999, -0.005466037326388888, -0.0028889973958333335, -0.005696614583333334, -0.0047607421875, -0.003377278645833333, 0.003241644965277778, -0.004475911458333333, 0.004421657986111111, -0.0011664496527777775, -0.007568359375000001, 6.329571759259287e-05, 0.0050048828125, 0.0015733506944444445], [-0.039265950520833336, -0.049370659722222224, -0.04390160831404321, 0.029843930844907406, 0.05002170138888889, 0.043294270833333336, -0.0076406973379629615, -0.056437174479166664, -0.02821934076003086, 0.02516908998842593, 0.06538146219135803, 0.015505943769290122, -0.008581090856481479, -0.021335177951388888, -0.010785891685956794, 0.007844147858796294, -0.0010715060763888894, 0.002278645833333333, -0.0016456886574074076, 0.003282335069444444, 0.002400716145833333, 0.0054931640625, -0.006184895833333334, -0.0052490234375, 0.004132306134259259, -0.0009223090277777775, -0.002224392361111111, -0.005411783854166667, -0.0008951822916666665, 0.0032145182291666665, 0.001501012731481482, 0.00146484375], [-0.002143012152777779, -0.021877712673611115, -0.062386971932870364, -0.04385639708719136, 0.0008951822916666665, 0.02756076388888889, 0.045125325520833336, -0.00018084490740740995, -0.0368968822337963, -0.01527084538966049, 0.015505943769290122, 0.045259452160493825, 0.01539442274305556, -0.0023961950231481477, -0.018776222511574073, -0.017251097125771605, 0.003173828124999999, 0.006578233506944444, 0.0011664496527777778, 0.00462058738425926, 0.0076904296875, 0.005574544270833333, -0.00020345052083333348, 0.0004069010416666666, -0.0035807291666666665, 0.0029116030092592596, 0.003268771701388889, 0.004304108796296296, 0.002400716145833334, -0.007649739583333335, -0.000651041666666667, 0.0020164207175925927], [0.02008282696759259, 0.006442599826388888, -0.007405598958333336, -0.028401692708333336, -0.01835726514274691, 0.008006908275462965, 0.026416919849537035, 0.018798828124999993, -0.01815532166280864, -0.018803349247685182, -0.008581090856481479, 0.01539442274305556, 0.022578486689814815, 0.006355191454475309, -0.0018702377507716058, -0.008251048900462962, 0.003255208333333333, 0.0025634765625, 0.001261393229166667, -0.0079345703125, 0.0023961950231481477, 0.00027126736111111123, -0.0003390842013888894, -0.003336588541666667, -0.0036440248842592596, -0.003390842013888889, -0.0013834635416666665, -0.0010986328124999996, -0.0020254629629629633, -0.0010986328125000009, -0.0011935763888888892, 0.002712673611111111], [0.007581922743055559, 0.011429398148148145, 0.020670572916666668, -0.010660807291666671, -0.01635290075231481, -0.01386326919367284, 0.010633680555555552, 0.020096390335648154, 0.00792552806712963, -0.00639136043595679, -0.021335177951388888, -0.0023961950231481477, 0.006355191454475309, 0.011643397955246916, 0.001189055266203701, -0.005306290991512345, -0.001505533854166667, 0.0017089843749999998, 0.0050048828125, -0.003865559895833333, 0.004340277777777778, 0.00019892939814814816, 0.005859375, 0.009589301215277778, 0.001980251736111111, -0.000958478009259259, 0.002970377604166667, 0.0017903645833333335, 0.0009629991319444447, 0.0032552083333333335, -0.006239149305555555, -0.00029839409722222225], [0.009467230902777776, 0.0032552083333333343, 0.019024884259259262, 0.023369683159722224, -0.01737467447916667, -0.017713758680555556, -0.014478141878858024, 0.004887333622685185, 0.016104239004629626, 0.00790744357638889, -0.010785891685956794, -0.018776222511574073, -0.0018702377507716058, 0.001189055266203701, 0.010498046875000003, 0.005478093653549382, 0.0025634765625, -0.0057373046875, -0.003824869791666667, -0.00012207031249999957, -0.002454969618055555, 0.003743489583333333, 0.0029116030092592596, -0.0008680555555555551, -0.0011664496527777775, -0.0098876953125, -0.00017180266203703737, 0.005316840277777777, 0.0014738859953703706, 0.004530164930555555, 0.0007324218750000002, -0.0006374782986111118], [0.002360026041666668, -0.003716362847222222, 0.01702202690972223, 0.03576208043981481, 0.007703993055555556, -0.0058458116319444475, -0.024572301793981483, -0.017145604263117283, 0.003512912326388888, 0.01187246817129629, 0.007844147858796294, -0.017251097125771605, -0.008251048900462962, -0.005306290991512345, 0.005478093653549382, 0.015314549575617276, -0.0084228515625, -0.005004882812499999, -0.002237955729166667, 0.00244140625, -0.001220703125000001, -0.005059136284722222, -0.004123263888888888, -0.002052589699074074, 0.0023193359375, -0.005316840277777778, -0.004286024305555556, -0.0013925057870370374, 0.004313151041666668, 0.0038339120370370367, -0.0004747178819444445, -0.002884476273148148], [0.00033456307870370367, -0.0002577039930555553, -0.0031105324074074073, -0.004557291666666666, 0.0016999421296296296, 0.001817491319444445, -0.0012478298611111114, -0.0054931640625, -0.005579065393518518, -0.004041883680555555, -0.0010715060763888894, 0.003173828124999999, 0.003255208333333333, -0.001505533854166667, 0.0025634765625, -0.0084228515625, 0.00037374614197530987, 0.002720208815586425, -0.003968038676697527, -0.0012794777199074073, -0.005414797935956787, -0.002436885127314813, 0.0008590133101851844, -0.005357530381944442, -0.00236153308256173, 0.0026086877893518497, -0.0006646050347222238, 0.001356336805555555, 0.0015281394675925918, -0.001207139756944444, -0.00046115451388888985, -0.0015462239583333326], [0.0002848307291666663, 0.003662109375, 0.005588107638888889, -0.0014015480324074076, 0.0006781684027777775, -0.003264250578703704, 0.0057373046875, 0.0024142795138888877, -0.002414279513888889, -0.00045211226851851836, 0.002278645833333333, 0.006578233506944444, 0.0025634765625, 0.0017089843749999998, -0.0057373046875, -0.005004882812499999, 0.002720208815586425, 0.003399884259259253, 0.00018536603009259613, -0.001544716917438271, -0.003666630497685182, 0.0022801528742283908, 0.0021294487847222186, 0.0003707320601851879, -0.002653899016203703, 0.0007218725887345664, -0.002088758680555555, -0.0018310546875000035, -0.0010443793402777762, 0.0015010127314814823, 0.005696614583333334, 2.7126736111111882e-05], [-0.0010036892361111104, -0.006320529513888889, 0.004937065972222222, 0.004652235243055556, 0.0003255208333333326, -0.010213216145833334, -0.0019892939814814816, 0.002875434027777778, 0.007554796006944442, -0.006835937499999999, -0.0016456886574074076, 0.0011664496527777778, 0.001261393229166667, 0.0050048828125, -0.003824869791666667, -0.002237955729166667, -0.003968038676697527, 0.00018536603009259613, 0.006377797067901234, 0.004284517264660499, 0.0012387876157407421, -0.0028618706597222255, -0.001246322820216042, 0.0002486617476851862, -0.004887333622685182, 0.002821180555555555, 0.0015718436535493846, -0.0007279007523148182, -0.003824869791666668, -0.0032552083333333343, 0.001121238425925926, -0.003974066840277776], [-0.0001356336805555553, -0.003363715277777778, -0.004299587673611112, -0.0019350405092592592, 0.0032958984374999996, 0.004475911458333332, -0.003797743055555556, -0.0020706741898148147, -0.002360026041666667, -0.005466037326388888, 0.003282335069444444, 0.00462058738425926, -0.0079345703125, -0.003865559895833333, -0.00012207031249999957, 0.00244140625, -0.0012794777199074073, -0.001544716917438271, 0.004284517264660499, 0.007360387731481493, 0.00278049045138889, -0.0034812644675925935, 0.0027081524884259266, -0.0010383511766975254, 0.007242838541666664, 0.003115053530092598, 0.0017135054976851818, -0.004459334008487655, -0.003987630208333334, 0.004638671875, -0.001207139756944444, -0.001835575810185185], [0.0008770978009259255, 8.138020833333391e-05, -0.010579427083333334, -0.005900065104166668, 0.00019892939814814816, 0.005601671006944445, 0.0018807870370370365, 0.0028483072916666665, -0.002522786458333333, -0.0028889973958333335, 0.002400716145833333, 0.0076904296875, 0.0023961950231481477, 0.004340277777777778, -0.002454969618055555, -0.001220703125000001, -0.005414797935956787, -0.003666630497685182, 0.0012387876157407421, 0.00278049045138889, 0.008225429205246902, 0.001915448977623458, 0.0013307171103395061, 0.0005108868634259248, 0.003996672453703703, 0.0006917317708333322, 0.001844618055555556, 0.002360026041666666, -0.0002275631751543208, -0.0027081524884259266, 0.0005560980902777762, 0.002414279513888889], [0.004150390625, 0.0031828703703703706, -0.007039388020833334, 0.004150390625, -0.006822374131944444, -0.0010850694444444443, -0.003119574652777778, 0.0022876880787037037, 0.0028076171874999996, -0.005696614583333334, 0.0054931640625, 0.005574544270833333, 0.00027126736111111123, 0.00019892939814814816, 0.003743489583333333, -0.005059136284722222, -0.002436885127314813, 0.0022801528742283908, -0.0028618706597222255, -0.0034812644675925935, 0.001915448977623458, 0.0036379967206790105, -0.00507722077546296, -0.004166968074845679, -0.0006103515625, -0.004331235532407407, -0.004557291666666666, 0.003797743055555556, 0.0002215350115740769, 0.00014316888503086494, -0.0007052951388888894, 0.0003662109375], [0.003526475694444444, 0.0040283203125, 0.003155743634259259, -0.009114583333333332, -0.00029839409722222225, 0.0010850694444444445, -0.004584418402777778, 0.002210828993055555, 0.004679361979166667, -0.0047607421875, -0.006184895833333334, -0.00020345052083333348, -0.0003390842013888894, 0.005859375, 0.0029116030092592596, -0.004123263888888888, 0.0008590133101851844, 0.0021294487847222186, -0.001246322820216042, 0.0027081524884259266, 0.0013307171103395061, -0.00507722077546296, 0.003179856288580244, -0.0041699821566358024, -0.0017903645833333322, 0.008300781249999998, -0.0002622251157407404, 0.001180013020833334, 0.0046884042245370385, -0.006212022569444445, -0.0028588565779320988, 0.0017677589699074021], [-0.0016682942708333335, 0.006374782986111113, 0.005696614583333333, 0.0035083912037037037, 0.0009223090277777778, -0.005262586805555555, 0.0001491970486111109, 0.0015100549768518516, -0.0079345703125, -0.003377278645833333, -0.0052490234375, 0.0004069010416666666, -0.003336588541666667, 0.009589301215277778, -0.0008680555555555551, -0.002052589699074074, -0.005357530381944442, 0.0003707320601851879, 0.0002486617476851862, -0.0010383511766975254, 0.0005108868634259248, -0.004166968074845679, -0.0041699821566358024, -0.0012809847608024698, 0.006429036458333334, 0.0003255208333333322, 0.0005289713541666661, -0.0007776331018518523, -0.0008138020833333326, 0.0006465205439814825, 0.0049144603587962955, 0.0033712504822530883], [-0.00290256076388889, -0.003417968749999999, -0.005655924479166666, -0.0013834635416666663, 0.008463541666666668, -0.006876627604166667, -0.005900065104166667, -0.0001220703125, 0.0035355179398148147, 0.003241644965277778, 0.004132306134259259, -0.0035807291666666665, -0.0036440248842592596, 0.001980251736111111, -0.0011664496527777775, 0.0023193359375, -0.00236153308256173, -0.002653899016203703, -0.004887333622685182, 0.007242838541666664, 0.003996672453703703, -0.0006103515625, -0.0017903645833333322, 0.006429036458333334, 0.0015281394675925853, -4.671826774691108e-05, 0.0026780116705246914, -0.005456995081018519, 0.0006344642168209865, 0.0010353370949074108, 0.0035716869212962963, 0.0030246310763888907], [-0.002549913194444444, -0.003200954861111111, -0.007649739583333334, 0.004109700520833332, 0.0084228515625, 0.000732421875, 0.0025634765625, 0.0006917317708333333, -0.0031060112847222216, -0.004475911458333333, -0.0009223090277777775, 0.0029116030092592596, -0.003390842013888889, -0.000958478009259259, -0.0098876953125, -0.005316840277777778, 0.0026086877893518497, 0.0007218725887345664, 0.002821180555555555, 0.003115053530092598, 0.0006917317708333322, -0.004331235532407407, 0.008300781249999998, 0.0003255208333333322, -4.671826774691108e-05, 0.005151065779320984, 0.0020842375578703724, -0.002439899209104938, -0.002418800636574075, -0.002629786361882721, -0.002834743923611111, 0.0021068431712962963], [0.006171332465277778, 0.007324218750000001, -0.005967881944444443, -0.012532552083333332, -0.003295898437500001, 0.0045166015625, 0.002685546875000001, 0.004109700520833334, -0.007595486111111111, 0.004421657986111111, -0.002224392361111111, 0.003268771701388889, -0.0013834635416666665, 0.002970377604166667, -0.00017180266203703737, -0.004286024305555556, -0.0006646050347222238, -0.002088758680555555, 0.0015718436535493846, 0.0017135054976851818, 0.001844618055555556, -0.004557291666666666, -0.0002622251157407404, 0.0005289713541666661, 0.0026780116705246914, 0.0020842375578703724, 0.001998336226851849, 0.0018973644868827174, -0.00250470196759259, -0.0003390842013888916, -0.00029688705632716214, 0.001604998553240743], [0.006754557291666666, 0.006334092881944444, -0.0004340277777777771, -0.005126953125, -0.0045166015625, -0.004028320312500001, 0.0057373046875, 0.0017903645833333337, 0.00018988715277777754, -0.0011664496527777775, -0.005411783854166667, 0.004304108796296296, -0.0010986328124999996, 0.0017903645833333335, 0.005316840277777777, -0.0013925057870370374, 0.001356336805555555, -0.0018310546875000035, -0.0007279007523148182, -0.004459334008487655, 0.002360026041666666, 0.003797743055555556, 0.001180013020833334, -0.0007776331018518523, -0.005456995081018519, -0.002439899209104938, 0.0018973644868827174, 0.0004310136959876612, 0.002373589409722223, -0.0003888165509259257, 0.0005380135995370358, 0.0032747998649691346], [0.004258897569444444, 0.010457356770833334, 0.003377278645833333, -0.0084228515625, -0.002631293402777778, -0.001546223958333333, 0.004842122395833334, 0.004964192708333334, 0.0024775752314814816, -0.007568359375000001, -0.0008951822916666665, 0.002400716145833334, -0.0020254629629629633, 0.0009629991319444447, 0.0014738859953703706, 0.004313151041666668, 0.0015281394675925918, -0.0010443793402777762, -0.003824869791666668, -0.003987630208333334, -0.0002275631751543208, 0.0002215350115740769, 0.0046884042245370385, -0.0008138020833333326, 0.0006344642168209865, -0.002418800636574075, -0.00250470196759259, 0.002373589409722223, 0.0011152102623456742, -0.0006887176890432096, -0.00102930893132716, -8.590133101851749e-05], [0.001993815104166666, -0.002495659722222223, 0.0059814453125, 0.004109700520833333, 0.001437717013888889, -0.0004882812499999998, 0.002604166666666667, -0.005411783854166666, 0.004313151041666667, 6.329571759259287e-05, 0.0032145182291666665, -0.007649739583333335, -0.0010986328125000009, 0.0032552083333333335, 0.004530164930555555, 0.0038339120370370367, -0.001207139756944444, 0.0015010127314814823, -0.0032552083333333343, 0.004638671875, -0.0027081524884259266, 0.00014316888503086494, -0.006212022569444445, 0.0006465205439814825, 0.0010353370949074108, -0.002629786361882721, -0.0003390842013888916, -0.0003888165509259257, -0.0006887176890432096, 0.0015733506944444389, 0.0043086299189814825, 0.0005802107445987653], [0.0007731119791666667, 0.0054931640625, 0.002549913194444445, 0.003377278645833334, -0.0028618706597222225, -0.0014648437500000004, -0.0016276041666666672, 0.004964192708333334, 0.0016547309027777784, 0.0050048828125, 0.001501012731481482, -0.000651041666666667, -0.0011935763888888892, -0.006239149305555555, 0.0007324218750000002, -0.0004747178819444445, -0.00046115451388888985, 0.005696614583333334, 0.001121238425925926, -0.001207139756944444, 0.0005560980902777762, -0.0007052951388888894, -0.0028588565779320988, 0.0049144603587962955, 0.0035716869212962963, -0.002834743923611111, -0.00029688705632716214, 0.0005380135995370358, -0.00102930893132716, 0.0043086299189814825, 0.0034481095679012286, -0.0018370828510802454], [-0.0045166015625, -0.007771809895833332, -0.006062825520833334, 0.0006781684027777779, -8.138020833333326e-05, 0.004625108506944444, 0.004530164930555555, -0.00029839409722222225, -0.0006917317708333335, 0.0015733506944444445, 0.00146484375, 0.0020164207175925927, 0.002712673611111111, -0.00029839409722222225, -0.0006374782986111118, -0.002884476273148148, -0.0015462239583333326, 2.7126736111111882e-05, -0.003974066840277776, -0.001835575810185185, 0.002414279513888889, 0.0003662109375, 0.0017677589699074021, 0.0033712504822530883, 0.0030246310763888907, 0.0021068431712962963, 0.001604998553240743, 0.0032747998649691346, -8.590133101851749e-05, 0.0005802107445987653, -0.0018370828510802454, 0.0008861400462962933]], "rho_imag": [[0.0, -0.02703782069830247, -0.06582603925540123, -0.04533329716435186, 0.006929374035493829, 0.03223560474537037, 0.04216851128472222, -0.0015462239583333356, -0.049470124421296294, -0.012306495949074073, 0.011555989583333336, 0.0223388671875, 0.009847005208333337, 0.0015597873263888886, -0.020128038194444444, -0.016357421875000003, 0.0007550274884259257, -0.0027940538194444445, -0.0017315899884259257, 0.0022379557291666665, 0.0014015480324074078, 0.004530164930555555, -0.004069010416666666, -0.006632486979166666, -0.005470558449074074, 0.000705295138888889, 0.005574544270833333, -0.003173828125, -0.004055447048611112, -0.008951822916666666, -0.003824869791666667, -0.00146484375], [0.02703782069830247, 0.0, -0.046942816840277776, -0.08617109133873457, -0.030029296875, 0.029471691743827164, 0.05881076388888889, 0.036200629340277776, -0.036548755787037035, -0.042570891203703706, -0.009426540798611115, 0.033881293402777776, 0.022013346354166664, 0.00482855902777778, -0.012288411458333332, -0.008897569444444444, 0.0010579427083333335, -0.002907081886574074, 0.0015597873263888894, 0.0004385489004629633, -0.002007378472222222, 0.002703631365740741, -0.003377278645833334, 0.001953125, 0.001681857638888889, 0.010262948495370367, 0.010172526041666666, -0.0008544921875, -8.138020833333326e-05, -0.0016140407986111114, -0.008056640625, -0.002848307291666667], [0.06582603925540123, 0.046942816840277776, 0.0, -0.10614842544367284, -0.06213378906249999, 0.006781684027777776, 0.05287302276234568, 0.07197627314814814, -0.011745876736111112, -0.06370713975694445, -0.06281647858796298, 0.012107566550925928, 0.02582465277777778, 0.02620442708333334, 0.007025824652777778, -0.023423936631944448, 0.0013608579282407404, -0.003458658854166667, -0.0033772786458333326, -0.00341796875, -0.0006781684027777774, 0.009236653645833332, 0.00682689525462963, -0.010036892361111112, -0.007337782118055556, 0.00016276041666666652, 0.01292136863425926, 0.010226779513888888, 0.003173828125, -0.009033203125, 0.0014784071180555555, 0.004720052083333334], [0.04533329716435186, 0.08617109133873457, 0.10614842544367284, 0.0, -0.05335828993055556, -0.06419542100694445, -0.016818576388888888, 0.05555856963734568, 0.05779351128472222, -0.018229166666666664, -0.06655092592592593, -0.05211950231481481, -0.002604166666666667, 0.02419704861111111, 0.019002278645833332, -0.0033637152777777797, -0.0054931640625, 0.0017406322337962968, -0.004720052083333332, -0.0033501519097222225, -0.003946940104166667, -0.0023057725694444445, 0.012071397569444444, 0.0017813223379629629, -0.003255208333333334, -0.000583224826388889, 0.00290256076388889, -0.004548249421296296, -0.00439453125, -0.0012207031250000007, 0.0018717447916666665, -0.009752061631944444], [-0.006929374035493829, 0.030029296875, 0.06213378906249999, 0.05335828993055556, 0.0, -0.055294837480709874, -0.05465886622299383, -0.007898401331018523, 0.049958405671296294, 0.0220947265625, -0.007107204861111108, -0.04264322916666667, -0.01874457465277778, 0.0046477141203703715, 0.01836480034722222, 0.023152669270833332, -0.005705656828703704, 0.0015733506944444432, -0.001057942708333333, 0.003621419270833334, -0.006062825520833333, 2.7126736111111015e-05, 0.0038293909143518523, 0.003458658854166667, 0.0031873914930555555, -0.006591796875, 0.0017089843749999998, -0.005859375, 0.0029387297453703698, -0.000271267361111111, -0.003133138020833333, -0.00390625], [-0.03223560474537037, -0.029471691743827164, -0.006781684027777776, 0.06419542100694445, 0.055294837480709874, 0.0, -0.040106879340277776, -0.050806869695216056, 0.015313042534722224, 0.043366608796296294, 0.017578125, -0.018337673611111115, -0.02366355613425926, -0.014069733796296294, 0.00945366753472222, 0.015299479166666668, 0.003662109375, -0.0021791811342592596, 0.006876627604166666, 0.007893880208333334, -0.0003526475694444445, -0.004842122395833334, -0.008124457465277778, -0.0014874493634259261, 0.006510416666666666, 0.0026991102430555555, -0.010009765625, -0.007568359375000001, -0.002712673611111111, -0.0011845341435185192, -0.000813802083333333, 0.005574544270833333], [-0.04216851128472222, -0.05881076388888889, -0.05287302276234568, 0.016818576388888888, 0.05465886622299383, 0.040106879340277776, 0.0, -0.04819667486496913, -0.028537326388888888, 0.03230794270833333, 0.048493561921296294, 0.022013346354166664, -0.005967881944444445, -0.023830837673611112, -0.01993815104166666, 0.0039966724537037045, -0.0001085069444444446, 0.000773111979166667, -0.0007143373842592593, 0.005235460069444444, 0.0017677589699074071, 0.0008544921875000004, -0.004607024016203703, -0.003851996527777778, 0.003987630208333333, 0.020263671875, 0.0028618706597222225, -0.004150390625, -0.003350151909722222, -0.002522786458333333, -0.002269603587962963, -0.001003689236111111], [0.0015462239583333356, -0.036200629340277776, -0.07197627314814814, -0.05555856963734568, 0.007898401331018523, 0.050806869695216056, 0.04819667486496913, 0.0, -0.036702473958333336, -0.011284722222222224, 0.012464735243055552, 0.043041087962962965, 0.01970757378472222, -0.009521484374999997, -0.026647497106481486, -0.010489004629629633, 0.011027018229166668, 0.0031467013888888886, -0.00634765625, -0.0012568721064814812, -0.003621419270833333, -0.0001311125578703704, -0.001573350694444445, 0.000953956886574074, -0.0048828125, 0.003987630208333333, 0.002115885416666667, -0.0005560980902777767, 0.004313151041666666, -0.0019666883680555555, -0.00393337673611111, 0.0023961950231481477], [0.049470124421296294, 0.036548755787037035, 0.011745876736111112, -0.05779351128472222, -0.049958405671296294, -0.015313042534722224, 0.028537326388888888, 0.036702473958333336, 0.0, -0.05131624951774691, -0.0435278621720679, 0.006614402488425928, 0.018792799961419755, 0.0171802662037037, -0.002888997395833334, -0.009358723958333336, 0.0037344473379629624, -0.00037977430555555567, 0.0013699001736111119, 0.005696614583333333, -0.0031602647569444445, -0.0024414062499999996, 0.007161458333333333, 0.00341796875, -0.0057373046875, 0.002658420138888889, -0.003928855613425927, 0.005493164062499999, 0.005497685185185186, -0.006374782986111112, -0.003824869791666668, 0.00020345052083333304], [0.012306495949074073, 0.042570891203703706, 0.06370713975694445, 0.018229166666666664, -0.0220947265625, -0.043366608796296294, -0.03230794270833333, 0.011284722222222224, 0.05131624951774691, 0.0, -0.03720431857638889, -0.03251440731095678, -0.005099826388888887, 0.01236376350308642, 0.010470920138888888, 0.005791558159722222, -5.425347222222187e-05, 0.0015643084490740743, -0.0027669270833333335, -0.004896375868055556, 0.0008951822916666674, 0.0002577039930555555, 0.004638671875, -0.0011393229166666667, -0.001627604166666667, -0.0025092230902777784, -0.0013699001736111119, 0.004426179108796296, 0.006293402777777778, 0.002893518518518518, 0.005900065104166667, -0.002197265625], [-0.011555989583333336, 0.009426540798611115, 0.06281647858796298, 0.06655092592592593, 0.007107204861111108, -0.017578125, -0.048493561921296294, -0.012464735243055552, 0.0435278621720679, 0.03720431857638889, 0.0, -0.04188518759645062, -0.019788953993055552, -0.011935763888888885, 0.015203028549382717, 0.017370153356481476, -0.0111083984375, -0.009684244791666666, -0.0003888165509259257, 0.00442165798611111, -0.002604166666666667, -0.009033203125, -0.0005560980902777774, 0.0009765625, 0.005674008969907408, -0.0005289713541666662, -0.006126121238425927, -0.005289713541666667, 0.0005425347222222219, 0.002888997395833333, 0.000669126157407407, 0.006890190972222223], [-0.0223388671875, -0.033881293402777776, -0.012107566550925928, 0.05211950231481481, 0.04264322916666667, 0.018337673611111115, -0.022013346354166664, -0.043041087962962965, -0.006614402488425928, 0.03251440731095678, 0.04188518759645062, 0.0, -0.015272352430555556, -0.015014648437499998, -0.009629991319444444, 0.014633367091049388, -0.002685546875, 0.005574544270833334, -0.001600477430555555, 0.0033004195601851853, 0.00439453125, -0.009440104166666666, -0.0025227864583333326, 0.005791558159722222, 0.010457356770833334, 0.0014964916087962972, 0.002522786458333333, -0.002464011863425926, -0.008829752604166668, 0.004286024305555556, -0.001600477430555555, 0.0005063657407407409], [-0.009847005208333337, -0.022013346354166664, -0.02582465277777778, 0.002604166666666667, 0.01874457465277778, 0.02366355613425926, 0.005967881944444445, -0.01970757378472222, -0.018792799961419755, 0.005099826388888887, 0.019788953993055552, 0.015272352430555556, 0.0, -0.004920488522376547, -0.010876314139660493, -0.001523618344907407, 0.0012071397569444445, -0.006103515625000001, -0.004720052083333333, 0.00244140625, -0.0025589554398148147, 0.0005967881944444443, -0.002454969618055555, -0.001871744791666666, 0.0019169560185185188, 0.00466579861111111, 0.0009765625, 0.0006917317708333333, -0.002192744502314815, 0.00010850694444444449, 0.007003219039351851, 0.0013427734374999996], [-0.0015597873263888886, -0.00482855902777778, -0.02620442708333334, -0.02419704861111111, -0.0046477141203703715, 0.014069733796296294, 0.023830837673611112, 0.009521484374999997, -0.0171802662037037, -0.01236376350308642, 0.011935763888888885, 0.015014648437499998, 0.004920488522376547, 0.0, -0.006605360243055554, -0.006590289834104937, 0.007649739583333333, -0.0015597873263888886, 0.001220703125, -0.001790364583333333, -0.0008680555555555557, 0.0037344473379629624, 0.0038248697916666674, -0.0023735894097222225, -0.008219401041666668, 0.0015371817129629633, -0.005330403645833333, -0.0022786458333333326, 0.0003797743055555555, 0.0003842954282407404, 0.002129448784722222, -0.0018943504050925922], [0.020128038194444444, 0.012288411458333332, -0.007025824652777778, -0.019002278645833332, -0.01836480034722222, -0.00945366753472222, 0.01993815104166666, 0.026647497106481486, 0.002888997395833334, -0.010470920138888888, -0.015203028549382717, 0.009629991319444444, 0.010876314139660493, 0.006605360243055554, 0.0, -0.012796284239969138, -0.005859374999999999, -0.010498046875, -0.0007459852430555555, 0.004638671875, 0.0101318359375, 0.008138020833333334, 0.004873770254629629, 0.0010036892361111106, -0.001329210069444445, -0.0016682942708333333, 0.0018627025462962963, 2.712673611111275e-05, -0.0018943504050925937, -0.003540039062499999, -0.001550745081018518, 0.0016004774305555555], [0.016357421875000003, 0.008897569444444444, 0.023423936631944448, 0.0033637152777777797, -0.023152669270833332, -0.015299479166666668, -0.0039966724537037045, 0.010489004629629633, 0.009358723958333336, -0.005791558159722222, -0.017370153356481476, -0.014633367091049388, 0.001523618344907407, 0.006590289834104937, 0.012796284239969138, 0.0, 0.00146484375, 0.00341796875, -0.0011393229166666667, -0.001559787326388889, 0.0048828125, -0.006876627604166667, 0.002956814236111111, -0.0015281394675925927, -0.005574544270833332, -0.004421657986111111, 0.007649739583333334, 0.006202980324074074, 0.0001220703125, -0.0005380135995370371, -0.003607855902777778, -0.003748010706018519], [-0.0007550274884259257, -0.0010579427083333335, -0.0013608579282407404, 0.0054931640625, 0.005705656828703704, -0.003662109375, 0.0001085069444444446, -0.011027018229166668, -0.0037344473379629624, 5.425347222222187e-05, 0.0111083984375, 0.002685546875, -0.0012071397569444445, -0.007649739583333333, 0.005859374999999999, -0.00146484375, 0.0, -0.0022620683834876486, -0.0024579836998456744, -0.0008454499421296302, 0.0037645881558641963, 0.00348126446759259, 0.0030517578125000035, 8.138020833333218e-05, 0.004701967592592592, -0.0025137442129629615, -0.00029839409722222376, -0.0003662109375, 0.00021701388888888812, -0.002916124131944443, 0.0009494357638888873, 0.0019531249999999991], [0.0027940538194444445, 0.002907081886574074, 0.003458658854166667, -0.0017406322337962968, -0.0015733506944444432, 0.0021791811342592596, -0.000773111979166667, -0.0031467013888888886, 0.00037977430555555567, -0.0015643084490740743, 0.009684244791666666, -0.005574544270833334, 0.006103515625000001, 0.0015597873263888886, 0.010498046875, -0.00341796875, 0.0022620683834876486, 0.0, -0.005167643229166666, -0.002078209394290126, -0.0008951822916666687, 0.001947096836419754, -0.0023871527777777797, -0.008449978298611108, -0.0018536603009259266, -0.0015823929398148203, 0.0010715060763888881, 0.003146701388888889, 0.005818684895833334, -0.0008951822916666678, 0.002115885416666667, -0.0024685329861111127], [0.0017315899884259257, -0.0015597873263888894, 0.0033772786458333326, 0.004720052083333332, 0.001057942708333333, -0.006876627604166666, 0.0007143373842592593, 0.00634765625, -0.0013699001736111119, 0.0027669270833333335, 0.0003888165509259257, 0.001600477430555555, 0.004720052083333333, -0.001220703125, 0.0007459852430555555, 0.0011393229166666667, 0.0024579836998456744, 0.005167643229166666, 0.0, -0.0009147738233024668, -0.0027804904513888916, -0.006727430555555556, -0.0007474922839506197, -0.0010489004629629659, -0.003526475694444444, 0.000990125868055556, -0.004629629629629627, -0.0013744212962962968, 0.003282335069444445, -0.006754557291666668, -0.00390625, 0.003350151909722223], [-0.0022379557291666665, -0.0004385489004629633, 0.00341796875, 0.0033501519097222225, -0.003621419270833334, -0.007893880208333334, -0.005235460069444444, 0.0012568721064814812, -0.005696614583333333, 0.004896375868055556, -0.00442165798611111, -0.0033004195601851853, -0.00244140625, 0.001790364583333333, -0.004638671875, 0.001559787326388889, 0.0008454499421296302, 0.002078209394290126, 0.0009147738233024668, 0.0, -0.00859917534722222, -0.004516601562500005, -0.004937065972222223, -0.0022394627700617277, -0.0025092230902777797, 0.0017089843750000007, -0.0046748408564814825, -0.0009313512731481516, 0.001546223958333333, -0.001274956597222222, 0.0008544921874999991, 0.001329210069444444], [-0.0014015480324074078, 0.002007378472222222, 0.0006781684027777774, 0.003946940104166667, 0.006062825520833333, 0.0003526475694444445, -0.0017677589699074071, 0.003621419270833333, 0.0031602647569444445, -0.0008951822916666674, 0.002604166666666667, -0.00439453125, 0.0025589554398148147, 0.0008680555555555557, -0.0101318359375, -0.0048828125, -0.0037645881558641963, 0.0008951822916666687, 0.0027804904513888916, 0.00859917534722222, 0.0, -8.28872492283899e-05, -0.0014904634452160455, 0.0015959563078703724, -0.0009584780092592587, 0.006551106770833335, -0.002305772569444445, -0.002848307291666667, -0.0032552083333333317, -0.0028121383101851827, 0.00048828124999999913, -0.000528971354166667], [-0.004530164930555555, -0.002703631365740741, -0.009236653645833332, 0.0023057725694444445, -2.7126736111111015e-05, 0.004842122395833334, -0.0008544921875000004, 0.0001311125578703704, 0.0024414062499999996, -0.0002577039930555555, 0.009033203125, 0.009440104166666666, -0.0005967881944444443, -0.0037344473379629624, -0.008138020833333334, 0.006876627604166667, -0.00348126446759259, -0.001947096836419754, 0.006727430555555556, 0.004516601562500005, 8.28872492283899e-05, 0.0, 0.0018310546875, 0.000625421971450615, 0.00302463107638889, 0.004168475115740738, 0.005615234375, 0.002088758680555555, -3.616898148148164e-05, -0.0029748987268518544, -0.0034857855902777797, -0.000949435763888889], [0.004069010416666666, 0.003377278645833334, -0.00682689525462963, -0.012071397569444444, -0.0038293909143518523, 0.008124457465277778, 0.004607024016203703, 0.001573350694444445, -0.007161458333333333, -0.004638671875, 0.0005560980902777774, 0.0025227864583333326, 0.002454969618055555, -0.0038248697916666674, -0.004873770254629629, -0.002956814236111111, -0.0030517578125000035, 0.0023871527777777797, 0.0007474922839506197, 0.004937065972222223, 0.0014904634452160455, -0.0018310546875, 0.0, -0.0013940128279320996, -0.001274956597222223, -0.002604166666666667, 0.0021339699074074056, -0.003295898437499999, -0.000515407986111111, 0.003757052951388888, -0.0007595486111111071, 0.004512080439814818], [0.006632486979166666, -0.001953125, 0.010036892361111112, -0.0017813223379629629, -0.003458658854166667, 0.0014874493634259261, 0.003851996527777778, -0.000953956886574074, -0.00341796875, 0.0011393229166666667, -0.0009765625, -0.005791558159722222, 0.001871744791666666, 0.0023735894097222225, -0.0010036892361111106, 0.0015281394675925927, -8.138020833333218e-05, 0.008449978298611108, 0.0010489004629629659, 0.0022394627700617277, -0.0015959563078703724, -0.000625421971450615, 0.0013940128279320996, 0.0, -0.008138020833333332, -0.005506727430555557, -0.0017768012152777754, 0.0025408709490740734, 0.00530327690972222, 0.000813802083333333, 0.004629629629629629, 0.00071433738425926], [0.005470558449074074, -0.001681857638888889, 0.007337782118055556, 0.003255208333333334, -0.0031873914930555555, -0.006510416666666666, -0.003987630208333333, 0.0048828125, 0.0057373046875, 0.001627604166666667, -0.005674008969907408, -0.010457356770833334, -0.0019169560185185188, 0.008219401041666668, 0.001329210069444445, 0.005574544270833332