{"component": "chin", "line": [98, 91, 90, 89, 88], "fidelity_vs_ideal": 0.6790375292146809, "purity": 0.5528261409701961, "rho_real": [[0.058254665798611105, -0.029527452256944444, -0.05011212384259261, 0.030825014467592594, 0.05521345727237654, -0.027664749710648147, -0.009765625000000003, -0.0052625868055555525, -0.01059449749228395, 0.009322554976851853, -0.0035626446759259274, -0.005452473958333334, -0.00022605613425926015, 0.001437717013888889, -0.0009494357638888886, -0.004231770833333333, 0.0018129701967592592, 0.0017813223379629626, 0.000366210937499999, -0.00830078125, -0.004064489293981481, -0.005208333333333334, 0.00942654079861111, -0.010253906250000002, -0.0015326605902777773, -0.00018988715277777754, 0.005262586805555556, -0.008260091145833332, 0.0001220703125000001, -0.003336588541666666, 0.004557291666666666, 0.0106201171875], [-0.029527452256944444, 0.14661247347608028, -0.03190104166666667, -0.1514847366898148, 0.005149558738425927, 0.05222047405478396, 0.009141710069444446, -0.008300781250000007, -0.014431423611111112, -0.01856975790895062, 0.012424045138888886, 0.003029152199074076, -0.0007595486111111112, -0.0008228443287037019, 0.005696614583333333, 0.0005154079861111112, -0.006519458912037035, -0.01085521556712963, 0.0020616319444444445, -0.0020209418402777775, -0.004991319444444444, 0.0017948857060185186, -0.0021972656249999996, -0.003757052951388889, 0.001600477430555556, -0.001641167534722222, 0.0015869140625, -0.000922309027777778, 0.0032552083333333335, -0.0050048828125, -0.0047607421875, -0.0003255208333333335], [-0.05011212384259261, -0.03190104166666667, 0.21354618778935183, 0.013450339988425927, -0.12197084780092592, 0.00881618923611111, 0.038783697434413573, 0.000574182581018519, 0.022894965277777776, -0.024169921875000003, -0.01725863233024691, 0.015670211226851853, 0.00040690104166666706, -0.000895182291666667, 0.0017270688657407404, -0.005886501736111112, 0.007645218460648148, -0.004258897569444444, -0.011967411747685185, 0.016402633101851853, 0.00031195746527777667, 0.00968424479166667, 0.0026900679976851853, 0.003011067708333333, -0.0018446180555555555, 0.0024007161458333335, 0.003974066840277778, -0.002468532986111111, 0.007486979166666666, 0.0013427734375, 0.0022379557291666665, 0.002522786458333334], [0.030825014467592594, -0.1514847366898148, 0.013450339988425927, 0.24318365403163583, 0.02777777777777778, -0.08969003182870373, 0.005664966724537037, 0.013872311439043208, -0.0024414062500000013, 0.035725911458333336, -0.023166232638888888, -0.01232156635802469, 0.010498046874999998, -8.138020833333332e-05, -0.001898871527777777, -0.0009856047453703702, 0.004041883680555556, 0.0018943504050925922, -0.004322193287037037, 0.005203812210648149, 0.008951822916666668, -0.0013156467013888877, 0.001763237847222222, 0.0013879846643518523, 0.0008544921875000002, 0.000271267361111111, 0.003879123263888889, -0.006876627604166667, -0.0018310546875, -0.002766927083333334, -0.006998697916666665, 0.0010172526041666665], [0.05521345727237654, 0.005149558738425927, -0.12197084780092592, 0.02777777777777778, 0.10396924430941357, -0.027284975405092594, -0.03426106770833333, 0.00974754050925926, -0.010461877893518521, 0.008219401041666668, 0.004909939236111112, 0.0029296875, -0.003939404899691358, 0.00015371817129629633, 0.0029206452546296294, 0.0005696614583333337, -0.006144205729166668, -0.0019531250000000004, 0.0020209418402777762, -0.012939453124999998, -0.0032416449652777775, -0.006627965856481481, -0.0009358723958333333, 0.0024414062499999996, 0.0001491970486111109, -0.005289713541666667, -0.002034505208333333, 0.0052490234375, -0.003323025173611112, -0.0010036892361111112, -0.0028754340277777775, 0.007120768229166666], [-0.027664749710648147, 0.05222047405478396, 0.00881618923611111, -0.08969003182870373, -0.027284975405092594, 0.05499342930169754, 0.009629991319444446, -0.007324218750000007, -0.002658420138888889, -0.016266999421296294, 0.00830078125, 0.0018174913194444445, -0.0017903645833333348, -0.0004671826774691359, 0.0024956597222222225, -9.042245370370367e-05, -0.0016818576388888888, -0.006740993923611111, 0.005208333333333335, 0.007880316840277778, -6.329571759259266e-05, 0.0007459852430555559, -0.001681857638888889, 0.003675672743055556, -0.002278645833333333, -0.0009087456597222224, 0.0040283203125, -0.005452473958333334, 0.0006239149305555555, 0.0019395616319444445, -0.0035400390625000004, -0.000271267361111111], [-0.009765625000000003, 0.009141710069444446, 0.038783697434413573, 0.005664966724537037, -0.03426106770833333, 0.009629991319444446, 0.02917179060570988, -0.002916124131944444, 0.004638671875, -0.009195963541666666, -0.005145037615740741, 0.007568359375000001, -0.00018988715277777667, 0.0008951822916666667, 0.0006811824845679017, -0.0011483651620370367, 0.0045166015625, -0.005533854166666667, -0.0003662109374999999, 0.004150390624999999, 0.001080548321759259, 0.0007866753472222224, 0.006306966145833334, 0.0006691261574074078, -0.0020345052083333335, 0.0096435546875, -0.0005018446180555556, 0.003499348958333334, 0.004665798611111112, -0.0017496744791666678, 6.781684027777754e-05, -0.0008409288194444449], [-0.0052625868055555525, -0.008300781250000007, 0.000574182581018519, 0.013872311439043208, 0.00974754050925926, -0.007324218750000007, -0.002916124131944444, 0.0058940369405864335, -0.001383463541666666, 0.0008951822916666666, -0.004286024305555556, -0.0013472945601851849, 0.006022135416666666, 0.00010850694444444406, -0.0009223090277777771, -0.0021399980709876547, 0.004475911458333333, -0.0028076171875, 0.0016547309027777769, 0.000339084201388889, 0.000461154513888889, 0.0010262948495370376, -0.0019350405092592592, -0.005438910590277778, 0.0098876953125, -0.002034505208333334, 0.006022135416666666, 0.0003933376736111111, -0.008178710937500002, -0.001030815972222222, -0.003445095486111111, 0.0014241536458333333], [-0.01059449749228395, -0.014431423611111112, 0.022894965277777776, -0.0024414062500000013, -0.010461877893518521, -0.002658420138888889, 0.004638671875, -0.001383463541666666, 0.012166341145833325, -0.00042046440972222116, -0.011284722222222229, 0.009367766203703701, 0.000887647087191358, 0.0009268301504629624, -0.00198025173611111, -0.004286024305555554, 0.0014964916087962961, -0.001763237847222222, -0.0010036892361111114, -0.0012613932291666674, -0.0008273654513888888, 0.002360026041666666, 0.002034505208333333, -0.0045166015625, -0.0030065465856481477, -3.6168981481480775e-05, 0.0009358723958333332, -0.0003255208333333336, -0.0004295066550925922, 0.0008138020833333333, -0.000990125868055556, 0.010498046874999998], [0.009322554976851853, -0.01856975790895062, -0.024169921875000003, 0.035725911458333336, 0.008219401041666668, -0.016266999421296294, -0.009195963541666666, 0.0008951822916666666, -0.00042046440972222116, 0.020319432388117273, -0.005832248263888886, -0.001166449652777785, 0.0035762080439814808, 0.001366886091820989, -0.001763237847222222, -0.00018988715277777797, 0.0013292100694444445, -0.00018536603009259244, -0.0031331380208333326, 0.004530164930555556, 0.002115885416666666, -0.002210828993055556, 0.0059814453125, -0.00040690104166666674, 0.000669126157407408, 0.0030969690393518514, 0.005967881944444445, -0.002265082465277778, -0.0018988715277777775, -0.0028709129050925927, 0.003906249999999999, 0.001451280381944444], [-0.0035626446759259274, 0.012424045138888886, -0.01725863233024691, -0.023166232638888888, 0.004909939236111112, 0.00830078125, -0.005145037615740741, -0.004286024305555556, -0.011284722222222229, -0.005832248263888886, 0.025132921006944434, -0.008223922164351853, -0.002748842592592591, 0.006700303819444444, -0.00029688705632715693, 0.00035716869212962894, -0.004692925347222222, 0.0028889973958333335, 0.0024459273726851853, 0.0013292100694444445, -0.005126953125, 0.0052490234375, 0.001939561631944444, 0.006266276041666666, 0.0013246889467592594, 0.007459852430555556, 0.004317672164351851, -0.0016908998842592592, 0.00698513454861111, 0.0011393229166666663, 0.002093279803240741, -0.002197265625], [-0.005452473958333334, 0.003029152199074076, 0.015670211226851853, -0.01232156635802469, 0.0029296875, 0.0018174913194444445, 0.007568359375000001, -0.0013472945601851849, 0.009367766203703701, -0.001166449652777785, -0.008223922164351853, 0.005273136091820986, -0.005750868055555556, -0.001066984953703701, -0.0029070818865740734, 0.002026970003858027, -0.004191080729166666, 0.004258897569444444, -0.005995008680555555, 0.0007640697337962961, -0.0013427734375, 0.004638671875, 0.007486979166666666, 0.002509223090277777, -0.0013292100694444445, 0.00452564380787037, -0.0036440248842592583, -0.004335756655092593, -0.0025227864583333343, -0.002454969618055555, -0.0005154079861111108, -0.0006736472800925929], [-0.00022605613425926015, -0.0007595486111111112, 0.00040690104166666706, 0.010498046874999998, -0.003939404899691358, -0.0017903645833333348, -0.00018988715277777667, 0.006022135416666666, 0.000887647087191358, 0.0035762080439814808, -0.002748842592592591, -0.005750868055555556, 0.008492175443672836, -7.685908564814773e-05, 0.000660083912037035, -0.004385489004629629, -0.0025906032986111114, -0.004801432291666666, 0.001302083333333333, -0.0030517578125, -0.0022469979745370367, 0.003933376736111111, -0.0003526475694444445, 0.00044759114583333326, -0.0006646050347222225, 0.0016276041666666674, -9.494357638888855e-05, -1.6263032587282567e-19, -0.0013337311921296302, 0.0013201678240740747, -4.0690104166666414e-05, -0.0008138020833333335], [0.001437717013888889, -0.0008228443287037019, -0.000895182291666667, -8.138020833333332e-05, 0.00015371817129629633, -0.0004671826774691359, 0.0008951822916666667, 0.00010850694444444406, 0.0009268301504629624, 0.001366886091820989, 0.006700303819444444, -0.001066984953703701, -7.685908564814773e-05, 0.004203137056327161, -0.0012478298611111114, -0.0025137442129629668, 0.0011393229166666665, 0.005954318576388889, 0.0050048828125, -0.003580729166666667, -0.001274956597222222, 0.0027443214699074078, -0.0014241536458333335, -0.002631293402777778, 0.0035264756944444445, 0.0028076171875, -0.0023600260416666665, 0.0008816189236111106, -3.616898148148121e-05, -0.0016863787615740743, -0.0031467013888888886, -0.00014919704861111112], [-0.0009494357638888886, 0.005696614583333333, 0.0017270688657407404, -0.001898871527777777, 0.0029206452546296294, 0.0024956597222222225, 0.0006811824845679017, -0.0009223090277777771, -0.00198025173611111, -0.001763237847222222, -0.00029688705632715693, -0.0029070818865740734, 0.000660083912037035, -0.0012478298611111114, 0.0011137032214506102, 0.001505533854166666, 0.0009765624999999997, -0.0010986328125, -0.0025906032986111114, 0.005940755208333334, 0.004747178819444444, -0.001261393229166667, -0.00015823929398148164, -0.002251519097222222, 0.0006103515625000004, 0.005452473958333333, -0.0017225477430555555, 0.0013834635416666665, 0.0002938729745370366, -0.0006781684027777781, -0.0029070818865740734, 0.0011302806712962957], [-0.004231770833333333, 0.0005154079861111112, -0.005886501736111112, -0.0009856047453703702, 0.0005696614583333337, -9.042245370370367e-05, -0.0011483651620370367, -0.0021399980709876547, -0.004286024305555554, -0.00018988715277777797, 0.00035716869212962894, 0.002026970003858027, -0.004385489004629629, -0.0025137442129629668, 0.001505533854166666, 0.005704149787808645, 0.0025634765625, 0.00341796875, -0.0022786458333333335, -0.0018581814236111112, -0.006388346354166666, -0.004855685763888889, 0.006537543402777778, -4.973234953703693e-05, 0.0008138020833333335, -0.0037841796875, -0.0014377170138888886, -0.0018310546875000002, 0.001437717013888889, -0.002527307581018519, 0.0003707320601851849, 0.0028166594328703706], [0.0018129701967592592, -0.006519458912037035, 0.007645218460648148, 0.004041883680555556, -0.006144205729166668, -0.0016818576388888888, 0.0045166015625, 0.004475911458333333, 0.0014964916087962961, 0.0013292100694444445, -0.004692925347222222, -0.004191080729166666, -0.0025906032986111114, 0.0011393229166666665, 0.0009765624999999997, 0.0025634765625, 0.014261127989969136, 0.0046070240162037045, -0.004349320023148155, 0.011782045717592593, 7.384500385802578e-05, 0.005321361400462963, -0.002821180555555554, -0.001519097222222222, 0.001431688850308642, 0.005226417824074073, 0.0006962528935185184, -0.005777994791666666, -0.0008228443287037045, -0.0008409288194444441, 0.001003689236111111, -0.00032552083333333304], [0.0017813223379629626, -0.01085521556712963, -0.004258897569444444, 0.0018943504050925922, -0.0019531250000000004, -0.006740993923611111, -0.005533854166666667, -0.0028076171875, -0.001763237847222222, -0.00018536603009259244, 0.0028889973958333335, 0.004258897569444444, -0.004801432291666666, 0.005954318576388889, -0.0010986328125, 0.00341796875, 0.0046070240162037045, 0.0017436463155864508, -0.00558810763888889, 0.0009403935185185158, 0.0024368851273148164, 0.00511037567515432, 0.00035264756944444536, 0.0002712673611111136, 8.138020833333304e-05, -0.0031798562885802456, 0.002170138888888889, 0.0006148726851851857, 0.0008680555555555555, -0.002884476273148148, 0.001302083333333333, 0.0014919704861111114], [0.000366210937499999, 0.0020616319444444445, -0.011967411747685185, -0.004322193287037037, 0.0020209418402777762, 0.005208333333333335, -0.0003662109374999999, 0.0016547309027777769, -0.0010036892361111114, -0.0031331380208333326, 0.0024459273726851853, -0.005995008680555555, 0.001302083333333333, 0.0050048828125, -0.0025906032986111114, -0.0022786458333333335, -0.004349320023148155, -0.00558810763888889, 0.007479443962191357, -0.0037932219328703715, -0.0015281394675925944, 0.007514105902777778, 0.0009509428047839482, -0.0053394458912037045, 0.0016004774305555568, 0.000569661458333333, 0.0020917727623456805, -0.0019350405092592587, 8.138020833333359e-05, -0.003824869791666667, -0.0021249276620370367, 0.002088758680555556], [-0.00830078125, -0.0020209418402777775, 0.016402633101851853, 0.005203812210648149, -0.012939453124999998, 0.007880316840277778, 0.004150390624999999, 0.000339084201388889, -0.0012613932291666674, 0.004530164930555556, 0.0013292100694444445, 0.0007640697337962961, -0.0030517578125, -0.003580729166666667, 0.005940755208333334, -0.0018581814236111112, 0.011782045717592593, 0.0009403935185185158, -0.0037932219328703715, 0.010568877797067888, -0.0036349826388888877, -0.0024504484953703724, -0.0007911964699074069, -0.002584575135030865, 0.005533854166666666, 0.001573350694444445, -0.0010036892361111119, -0.0016517168209876534, -0.000732421875, -0.00040690104166666685, -0.002712673611111111, 0.0005334924768518522], [-0.004064489293981481, -0.004991319444444444, 0.00031195746527777667, 0.008951822916666668, -0.0032416449652777775, -6.329571759259266e-05, 0.001080548321759259, 0.000461154513888889, -0.0008273654513888888, 0.002115885416666666, -0.005126953125, -0.0013427734375, -0.0022469979745370367, -0.001274956597222222, 0.004747178819444444, -0.006388346354166666, 7.384500385802578e-05, 0.0024368851273148164, -0.0015281394675925944, -0.0036349826388888877, 0.00483609423225307, -0.0004204644097222229, -0.0019531249999999965, -0.004738136574074075, -0.0009132667824074083, -0.0015462239583333335, -0.001274956597222222, -0.00048828125, 5.726755401234528e-05, 0.00028935185185185205, 1.8084490740740387e-05, -0.00024414062500000016], [-0.005208333333333334, 0.0017948857060185186, 0.00968424479166667, -0.0013156467013888877, -0.006627965856481481, 0.0007459852430555559, 0.0007866753472222224, 0.0010262948495370376, 0.002360026041666666, -0.002210828993055556, 0.0052490234375, 0.004638671875, 0.003933376736111111, 0.0027443214699074078, -0.001261393229166667, -0.004855685763888889, 0.005321361400462963, 0.00511037567515432, 0.007514105902777778, -0.0024504484953703724, -0.0004204644097222229, 0.006352177372685182, -0.0014919704861111114, 0.0027398003472222255, -0.0007052951388888888, -0.0013472945601851844, 0.00048828125, -0.0004611545138888889, -0.0006239149305555551, -0.00026825327932098733, -0.00043402777777777775, -0.0018536603009259266], [0.00942654079861111, -0.0021972656249999996, 0.0026900679976851853, 0.001763237847222222, -0.0009358723958333333, -0.001681857638888889, 0.006306966145833334, -0.0019350405092592592, 0.002034505208333333, 0.0059814453125, 0.001939561631944444, 0.007486979166666666, -0.0003526475694444445, -0.0014241536458333335, -0.00015823929398148164, 0.006537543402777778, -0.002821180555555554, 0.00035264756944444536, 0.0009509428047839482, -0.0007911964699074069, -0.0019531249999999965, -0.0014919704861111114, 0.0035340108989197535, 0.0008906611689814816, 0.001708984375, 8.138020833333348e-05, -0.0014558015046296298, -0.002685546875, 0.002604166666666666, 0.0007324218750000002, -0.003622926311728395, 0.0011031539351851853], [-0.010253906250000002, -0.003757052951388889, 0.003011067708333333, 0.0013879846643518523, 0.0024414062499999996, 0.003675672743055556, 0.0006691261574074078, -0.005438910590277778, -0.0045166015625, -0.00040690104166666674, 0.006266276041666666, 0.002509223090277777, 0.00044759114583333326, -0.002631293402777778, -0.002251519097222222, -4.973234953703693e-05, -0.001519097222222222, 0.0002712673611111136, -0.0053394458912037045, -0.002584575135030865, -0.004738136574074075, 0.0027398003472222255, 0.0008906611689814816, 0.000908745659722229, 0.0034993489583333335, -0.004964192708333333, 0.00010850694444444449, 0.004783347800925927, -0.0011393229166666663, -0.004096137152777779, 8.138020833333304e-05, 0.0031045042438271604], [-0.0015326605902777773, 0.001600477430555556, -0.0018446180555555555, 0.0008544921875000002, 0.0001491970486111109, -0.002278645833333333, -0.0020345052083333335, 0.0098876953125, -0.0030065465856481477, 0.000669126157407408, 0.0013246889467592594, -0.0013292100694444445, -0.0006646050347222225, 0.0035264756944444445, 0.0006103515625000004, 0.0008138020833333335, 0.001431688850308642, 8.138020833333304e-05, 0.0016004774305555568, 0.005533854166666666, -0.0009132667824074083, -0.0007052951388888888, 0.001708984375, 0.0034993489583333335, 0.002858856577932098, 0.00186722366898148, 0.0012749565972222212, -0.004466869212962965, 0.00021852092978394953, -0.00026674623842592613, 0.0021972656249999983, -0.000542534722222222], [-0.00018988715277777754, -0.001641167534722222, 0.0024007161458333335, 0.000271267361111111, -0.005289713541666667, -0.0009087456597222224, 0.0096435546875, -0.002034505208333334, -3.6168981481480775e-05, 0.0030969690393518514, 0.007459852430555556, 0.00452564380787037, 0.0016276041666666674, 0.0028076171875, 0.005452473958333333, -0.0037841796875, 0.005226417824074073, -0.0031798562885802456, 0.000569661458333333, 0.001573350694444445, -0.0015462239583333335, -0.0013472945601851844, 8.138020833333348e-05, -0.004964192708333333, 0.00186722366898148, 0.00399516541280864, 0.0006239149305555564, -0.0004340277777777745, -0.002717194733796297, 0.0005892529899691351, -0.0037163628472222225, -0.00024414062499999827], [0.005262586805555556, 0.0015869140625, 0.003974066840277778, 0.003879123263888889, -0.002034505208333333, 0.0040283203125, -0.0005018446180555556, 0.006022135416666666, 0.0009358723958333332, 0.005967881944444445, 0.004317672164351851, -0.0036440248842592583, -9.494357638888855e-05, -0.0023600260416666665, -0.0017225477430555555, -0.0014377170138888886, 0.0006962528935185184, 0.002170138888888889, 0.0020917727623456805, -0.0010036892361111119, -0.001274956597222222, 0.00048828125, -0.0014558015046296298, 0.00010850694444444449, 0.0012749565972222212, 0.0006239149305555564, 0.0013216748649691242, 0.0016049985532407404, -0.002260561342592596, -0.00436740451388889, -0.0009117597415123468, 0.001279477719907407], [-0.008260091145833332, -0.000922309027777778, -0.002468532986111111, -0.006876627604166667, 0.0052490234375, -0.005452473958333334, 0.003499348958333334, 0.0003933376736111111, -0.0003255208333333336, -0.002265082465277778, -0.0016908998842592592, -0.004335756655092593, -1.6263032587282567e-19, 0.0008816189236111106, 0.0013834635416666665, -0.0018310546875000002, -0.005777994791666666, 0.0006148726851851857, -0.0019350405092592587, -0.0016517168209876534, -0.00048828125, -0.0004611545138888889, -0.002685546875, 0.004783347800925927, -0.004466869212962965, -0.0004340277777777745, 0.0016049985532407404, -0.002659927179783951, 0.0028754340277777775, -0.0005787037037037045, 0.0007279007523148147, 0.0009780695408950608], [0.0001220703125000001, 0.0032552083333333335, 0.007486979166666666, -0.0018310546875, -0.003323025173611112, 0.0006239149305555555, 0.004665798611111112, -0.008178710937500002, -0.0004295066550925922, -0.0018988715277777775, 0.00698513454861111, -0.0025227864583333343, -0.0013337311921296302, -3.616898148148121e-05, 0.0002938729745370366, 0.001437717013888889, -0.0008228443287037045, 0.0008680555555555555, 8.138020833333359e-05, -0.000732421875, 5.726755401234528e-05, -0.0006239149305555551, 0.002604166666666666, -0.0011393229166666663, 0.00021852092978394953, -0.002717194733796297, -0.002260561342592596, 0.0028754340277777775, 0.0001431688850308671, -0.0001763237847222229, 9.042245370369933e-05, 0.001962167245370371], [-0.003336588541666666, -0.0050048828125, 0.0013427734375, -0.002766927083333334, -0.0010036892361111112, 0.0019395616319444445, -0.0017496744791666678, -0.001030815972222222, 0.0008138020833333333, -0.0028709129050925927, 0.0011393229166666663, -0.002454969618055555, 0.0013201678240740747, -0.0016863787615740743, -0.0006781684027777781, -0.002527307581018519, -0.0008409288194444441, -0.002884476273148148, -0.003824869791666667, -0.00040690104166666685, 0.00028935185185185205, -0.00026825327932098733, 0.0007324218750000002, -0.004096137152777779, -0.00026674623842592613, 0.0005892529899691351, -0.00436740451388889, -0.0005787037037037045, -0.0001763237847222229, 0.0015326605902777832, 0.0009765624999999996, -0.001238787615740743], [0.004557291666666666, -0.0047607421875, 0.0022379557291666665, -0.006998697916666665, -0.0028754340277777775, -0.0035400390625000004, 6.781684027777754e-05, -0.003445095486111111, -0.000990125868055556, 0.003906249999999999, 0.002093279803240741, -0.0005154079861111108, -4.0690104166666414e-05, -0.0031467013888888886, -0.0029070818865740734, 0.0003707320601851849, 0.001003689236111111, 0.001302083333333333, -0.0021249276620370367, -0.002712673611111111, 1.8084490740740387e-05, -0.00043402777777777775, -0.003622926311728395, 8.138020833333304e-05, 0.0021972656249999983, -0.0037163628472222225, -0.0009117597415123468, 0.0007279007523148147, 9.042245370369933e-05, 0.0009765624999999996, 0.0028920114776234546, 0.00015823929398148164], [0.0106201171875, -0.0003255208333333335, 0.002522786458333334, 0.0010172526041666665, 0.007120768229166666, -0.000271267361111111, -0.0008409288194444449, 0.0014241536458333333, 0.010498046874999998, 0.001451280381944444, -0.002197265625, -0.0006736472800925929, -0.0008138020833333335, -0.00014919704861111112, 0.0011302806712962957, 0.0028166594328703706, -0.00032552083333333304, 0.0014919704861111114, 0.002088758680555556, 0.0005334924768518522, -0.00024414062500000016, -0.0018536603009259266, 0.0011031539351851853, 0.0031045042438271604, -0.000542534722222222, -0.00024414062499999827, 0.001279477719907407, 0.0009780695408950608, 0.001962167245370371, -0.001238787615740743, 0.00015823929398148164, 0.0022017867476851888]], "rho_imag": [[0.0, 0.07054157021604938, -0.04678759162808642, -0.056315104166666664, 0.02024558738425926, 0.02030888310185185, -0.0028935185185185184, -0.0017361111111111136, -0.004341784818672841, -0.009363245081018517, 0.01240596064814815, -0.01388888888888889, 0.002518265335648148, 0.0035942925347222225, -0.0008680555555555557, 0.005615234375, -0.0057433328510802465, -0.0022967303240740743, 0.003589771412037035, -0.009697808159722222, -0.004362883391203703, -0.002495659722222223, 0.013102213541666664, -0.0015869140625, -0.002301251446759259, 0.005343967013888889, 0.004299587673611111, 0.008056640625, 0.0013427734375, 0.0013834635416666672, -0.001668294270833334, 0.003662109375], [-0.07054157021604938, 0.0, 0.13631184895833331, -0.041163315007716056, -0.09824399594907407, 0.03355577256944445, 0.024875217013888888, -4.521122685185314e-05, 0.010312680844907406, -0.02380069685570988, -0.007703993055555554, 0.014006438078703705, 0.0035400390625, -0.000302915219907407, 0.0011393229166666665, -0.003634982638888889, 0.008951822916666666, -0.00654809268904321, -0.006496853298611112, 0.007387514467592593, 0.0002170138888888892, 0.0038836443865740734, -0.005900065104166667, -0.009684244791666664, -0.00043402777777777797, 0.006623444733796296, -0.004313151041666666, -0.003268771701388888, 0.012125651041666668, 0.002156575520833333, -0.004150390625, -0.005330403645833333], [0.04678759162808642, -0.13631184895833331, 0.0, 0.20597632137345678, 0.03225368923611111, -0.0810818142361111, 0.007722077546296297, 0.007559317129629629, 0.009105541087962962, 0.030029296875, -0.03038345148533951, -0.0062165436921296285, 0.006591796874999999, -0.004801432291666667, -0.00429054542824074, 0.000990125868055556, 0.008011429398148147, 0.005357530381944444, -0.011883017457561727, -0.006609881365740741, 0.012234157986111108, -0.005900065104166667, 0.002852828414351852, 0.00018988715277777732, -0.0050048828125, -0.0017089843749999996, 0.004941587094907407, -0.004014756944444444, -0.003865559895833333, 0.00146484375, -0.003377278645833333, -0.0013020833333333328], [0.056315104166666664, 0.041163315007716056, -0.20597632137345678, 0.0, 0.12776692708333331, -0.01708984375, -0.04469581886574074, -0.00023509837962963067, -0.030571831597222224, 0.013364438657407404, 0.026914243344907406, -0.0024248288001543225, 0.001627604166666667, -0.004964192708333332, 0.00044759114583333304, 0.0065601490162037045, 0.0024820963541666665, 0.0013925057870370371, 0.005018446180555556, -0.006665641878858026, -0.005981445312499999, -0.013644748263888892, -0.005886501736111112, -0.0009449146412037037, 0.0007324218749999996, -0.005900065104166668, 0.003879123263888889, 0.0021475332754629633, -0.01220703125, 0.001749674479166666, -0.005208333333333333, 0.0047607421875], [-0.02024558738425926, 0.09824399594907407, -0.03225368923611111, -0.12776692708333331, 0.0, 0.05141722125771605, -0.00920801986882716, -0.010416666666666664, -0.007771809895833333, -0.022555881076388888, 0.015625, 0.002197265625, -0.006783191068672838, 0.003440574363425925, -0.0012930410879629629, 0.0035264756944444454, -0.007898401331018517, -0.005289713541666667, 0.005506727430555554, -0.004842122395833334, -0.00462209442515432, -0.0009675202546296298, 0.0015552662037037037, 0.001125759548611111, 0.0008544921875000007, -0.0024414062499999996, -0.007202148437499999, -0.009765625, 0.0044261791087962955, -0.004421657986111112, -0.0009087456597222216, -0.00634765625], [-0.02030888310185185, -0.03355577256944445, 0.0810818142361111, 0.01708984375, -0.05141722125771605, 0.0, 0.025200737847222217, -0.0028784481095679017, 0.015584309895833332, 0.0007459852430555555, -0.012532552083333334, -0.0017903645833333324, 0.006243670428240738, 0.004031334394290123, -0.005588107638888889, -0.0019712094907407413, 0.009521484374999998, 0.0031150535300925927, -0.010294596354166668, 0.005506727430555556, 0.0014919704861111114, 0.005206826292438272, 0.00042046440972222225, -0.0005063657407407408, -0.005533854166666667, -0.0025634765624999996, 0.00146484375, 0.007202148437500001, 0.0023328993055555555, -0.006343135127314815, -0.002604166666666668, -0.002617730034722222], [0.0028935185185185184, -0.024875217013888888, -0.007722077546296297, 0.04469581886574074, 0.00920801986882716, -0.025200737847222217, 0.0, 0.008629316165123448, 0.005235460069444443, 0.011474609374999998, -0.007039388020833333, -0.0010715060763888881, 0.0035988136574074073, -0.0028483072916666665, 0.003470715181327161, -8.590133101851792e-05, 0.0026855468749999983, 0.005167643229166666, 0.0012704354745370371, -0.004394531250000001, 0.001039858217592592, 0.002671983506944444, -0.001864209587191358, 0.0018807870370370371, 4.069010416666739e-05, 0.002197265625, 0.004109700520833333, 0.0026855468750000004, -0.0007731119791666667, 0.0034179687499999996, -0.0018400969328703702, 0.004774305555555555], [0.0017361111111111136, 4.521122685185314e-05, -0.007559317129629629, 0.00023509837962963067, 0.010416666666666664, 0.0028784481095679017, -0.008629316165123448, 0.0, 0.005371093749999999, -0.003716362847222222, -0.0047607421875, -0.004380967881944444, 0.009467230902777776, -0.0012568721064814816, 0.003151222511574075, -0.006656599633487654, 0.0016682942708333335, 0.0021972656249999996, -0.006835937500000001, -0.002364547164351852, -0.0034586588541666665, 0.0006058304398148147, -0.002766927083333333, -0.0003360701195987655, 0.008544921875, 0.0002848307291666674, -0.0013834635416666667, -0.003702799479166667, -0.0024414062500000004, -0.0026448567708333326, -0.002143012152777778, -0.0008906611689814816], [0.004341784818672841, -0.010312680844907406, -0.009105541087962962, 0.030571831597222224, 0.007771809895833333, -0.015584309895833332, -0.005235460069444443, -0.005371093749999999, 0.0, 0.0036018277391975384, -0.006278332368827161, 0.0016276041666666591, -0.0032732928240740734, 0.0019712094907407395, 0.0010941116898148156, 0.0037163628472222238, -0.004245334201388889, -5.425347222222246e-05, -0.003160264756944445, 0.0032552083333333335, -0.003350151909722223, -0.009928385416666668, -0.0004475911458333335, 0.00390625, 0.0014090832368827163, -0.002785011574074075, 0.00098560474537037, 0.0008816189236111114, -0.0003481264467592593, -0.00046115451388888855, -0.0048828125, 0.0069580078125], [0.009363245081018517, 0.02380069685570988, -0.030029296875, -0.013364438657407404, 0.022555881076388888, -0.0007459852430555555, -0.011474609374999998, 0.003716362847222222, -0.0036018277391975384, 0.0, 0.009195963541666671, -0.0015763647762345677, -0.0015100549768518514, -0.00021701388888888768, 0.0016818576388888881, 0.0016637731481481477, 0.000949435763888889, 0.0034315321180555546, -0.0008138020833333335, -0.004055447048611112, -0.0026041666666666665, -0.002536349826388889, -0.0068359375, 0.0012613932291666665, 0.001790364583333333, -0.001728575906635802, 0.0031060112847222225, -0.0018898292824074076, 0.0027398003472222225, -0.001867223668981482, 0.00020345052083333359, 0.008463541666666666], [-0.01240596064814815, 0.007703993055555554, 0.03038345148533951, -0.026914243344907406, -0.015625, 0.012532552083333334, 0.007039388020833333, 0.0047607421875, 0.006278332368827161, -0.009195963541666671, 0.0, 0.011269651813271608, -0.0017361111111111104, 0.0034722222222222238, -0.0018536603009259261, -0.006221064814814818, -0.0024820963541666657, -0.009928385416666668, 0.00429958767361111, 0.003445095486111112, 0.008748372395833332, 0.007080078125, 0.002346462673611111, 0.003987630208333334, -0.0018627025462962968, 0.0004747178819444447, 0.0004777319637345682, -0.0005877459490740743, -0.0005425347222222222, 0.005574544270833333, 0.0005199291087962963, -0.00217013888888889], [0.01388888888888889, -0.014006438078703705, 0.0062165436921296285, 0.0024248288001543225, -0.002197265625, 0.0017903645833333324, 0.0010715060763888881, 0.004380967881944444, -0.0016276041666666591, 0.0015763647762345677, -0.011269651813271608, 0.0, 0.0030110677083333356, -0.001600477430555555, -0.0006962528935185201, 0.0010941116898148143, 0.0027669270833333335, 0.0006917317708333332, -0.010850694444444444, -0.002346462673611111, -0.004638671875, -0.012491861979166666, -0.0013834635416666663, 0.009507921006944446, -0.001424153645833333, -0.0011574074074074073, -0.0005154079861111108, -0.0018461250964506178, 0.0020751953125000004, 0.003851996527777778, 0.001030815972222222, -0.0003481264467592592], [-0.002518265335648148, -0.0035400390625, -0.006591796874999999, -0.001627604166666667, 0.006783191068672838, -0.006243670428240738, -0.0035988136574074073, -0.009467230902777776, 0.0032732928240740734, 0.0015100549768518514, 0.0017361111111111104, -0.0030110677083333356, 0.0, 0.005690586419753091, 0.0019501109182098772, -0.00016276041666666435, -0.0002577039930555557, -0.0005696614583333324, -0.002726236979166668, -0.004638671875, 0.002536349826388889, -0.001030815972222223, -0.0031602647569444445, -0.006754557291666667, 0.0026810257523148147, 0.0048828125, 0.0031467013888888886, 0.007120768229166667, -0.0006163797260802465, 0.0016366464120370367, 0.0005787037037037035, 0.0029161241319444445], [-0.0035942925347222225, 0.000302915219907407, 0.004801432291666667, 0.004964192708333332, -0.003440574363425925, -0.004031334394290123, 0.0028483072916666665, 0.0012568721064814816, -0.0019712094907407395, 0.00021701388888888768, -0.0034722222222222238, 0.001600477430555555, -0.005690586419753091, 0.0, -0.0014919704861111101, 0.003451123649691358, -0.0038248697916666652, 0.0012071397569444445, 0.003662109375, 0.005330403645833334, -0.003119574652777778, -0.004923502604166668, 0.0023600260416666665, 0.002780490451388889, 0.0009765625, -0.003232602719907407, -0.0037027994791666665, -0.003689236111111111, 0.001329210069444445, -0.002234941647376543, -0.0026719835069444445, -0.0013201678240740734], [0.0008680555555555557, -0.0011393229166666665, 0.00429054542824074, -0.00044759114583333304, 0.0012930410879629629, 0.005588107638888889, -0.003470715181327161, -0.003151222511574075, -0.0010941116898148156, -0.0016818576388888881, 0.0018536603009259261, 0.0006962528935185201, -0.0019501109182098772, 0.0014919704861111101, 0.0, -0.0034059124228395105, -0.0013427734375, -0.001953125, 0.002997504340277777, 0.005533854166666666, 0.0010986328125, -0.001383463541666667, -0.0004747178819444447, 0.002468532986111111, -0.0013020833333333335, -0.004353841145833334, -0.003612377025462963, -0.003499348958333333, -4.521122685185205e-05, -0.0002577039930555555, -0.0017647448881172832, 0.0002531828703703702], [-0.005615234375, 0.003634982638888889, -0.000990125868055556, -0.0065601490162037045, -0.0035264756944444454, 0.0019712094907407413, 8.590133101851792e-05, 0.006656599633487654, -0.0037163628472222238, -0.0016637731481481477, 0.006221064814814818, -0.0010941116898148143, 0.00016276041666666435, -0.003451123649691358, 0.0034059124228395105, 0.0, -0.00341796875, 0.0013427734375, 0.0013020833333333335, -0.006768120659722222, 8.138020833333304e-05, 0.0003662109375, 0.004611545138888888, 0.0031331380208333335, 0.0014241536458333335, -0.0008138020833333333, 0.003662109375, 0.004145869502314815, 0.0004475911458333335, 9.04224537037041e-06, -0.00032552083333333304, 0.0006857036072530862], [0.0057433328510802465, -0.008951822916666666, -0.008011429398148147, -0.0024820963541666665, 0.007898401331018517, -0.009521484374999998, -0.0026855468749999983, -0.0016682942708333335, 0.004245334201388889, -0.000949435763888889, 0.0024820963541666657, -0.0027669270833333335, 0.0002577039930555557, 0.0038248697916666652, 0.0013427734375, 0.00341796875, 0.0, -0.0029447579089506067, -0.0021008150077160503, -2.712673611110321e-05, 0.0031376591435185184, -0.005353009259259264, -0.00411422164351852, -0.002956814236111117, -0.0032115041473765433, -0.00138798466435185, -0.002161096643518518, 0.004503038194444444, 0.0017315899884259266, -0.0023464626736111114, -0.002332899305555555, 0.003662109375], [0.0022967303240740743, 0.00654809268904321, -0.005357530381944444, -0.0013925057870370371, 0.005289713541666667, -0.0031150535300925927, -0.005167643229166666, -0.0021972656249999996, 5.425347222222246e-05, -0.0034315321180555546, 0.009928385416666668, -0.0006917317708333332, 0.0005696614583333324, -0.0012071397569444445, 0.001953125, -0.0013427734375, 0.0029447579089506067, 0.0, 0.0028211805555555577, -0.005157093942901236, 0.0006058304398148164, -0.0007505063657407391, 0.0013563368055555577, 0.003128616898148146, -0.00015823929398148186, -0.000806266878858028, -0.000542534722222222, 0.0010669849537037032, 0.003946940104166666, -0.005809642650462964, -0.006184895833333333, 0.001736111111111111], [-0.003589771412037035, 0.006496853298611112, 0.011883017457561727, -0.005018446180555556, -0.005506727430555554, 0.010294596354166668, -0.0012704354745370371, 0.006835937500000001, 0.003160264756944445, 0.0008138020833333335, -0.00429958767361111, 0.010850694444444444, 0.002726236979166668, -0.003662109375, -0.002997504340277777, -0.0013020833333333335, 0.0021008150077160503, -0.0028211805555555577, 0.0, 0.009931399498456797, -0.004448784722222223, -0.0032009548611111136, -0.00390625, 0.005823206018518519, -9.042245370370291e-05, -0.0008951822916666678, 0.0010202666859567902, 0.00013111255787037193, -0.002360026041666667, -0.0033365885416666665, -0.0003571686921296296, 0.0009087456597222216], [0.009697808159722222, -0.007387514467592593, 0.006609881365740741, 0.006665641878858026, 0.004842122395833334, -0.005506727430555556, 0.004394531250000001, 0.002364547164351852, -0.0032552083333333335, 0.004055447048611112, -0.003445095486111112, 0.002346462673611111, 0.004638671875, -0.005330403645833334, -0.005533854166666666, 0.006768120659722222, 2.712673611110321e-05, 0.005157093942901236, -0.009931399498456797, 0.0, -0.005777994791666663, -0.0021972656250000017, 0.0015823929398148156, 0.0041413483796296285, 0.004096137152777778, 0.0002622251157407406, -0.0043900101273148156, -0.0009147738233024703, 0.0035807291666666665, 0.005615234375000001, -0.0020751953125, 0.0008906611689814812], [0.004362883391203703, -0.0002170138888888892, -0.012234157986111108, 0.005981445312499999, 0.00462209442515432, -0.0014919704861111114, -0.001039858217592592, 0.0034586588541666665, 0.003350151909722223, 0.0026041666666666665, -0.008748372395833332, 0.004638671875, -0.002536349826388889, 0.003119574652777778, -0.0010986328125, -8.138020833333304e-05, -0.0031376591435185184, -0.0006058304398148164, 0.004448784722222223, 0.005777994791666663, 0.0, 0.004026813271604944, 0.0012448157793209873, 0.003390842013888888, -0.001505533854166666, 0.0024278428819444445, 0.001139322916666666, 0.001220703125, 0.0018883222415123457, 0.001161928530092593, -0.000397858796296296, -0.000542534722222222], [0.002495659722222223, -0.0038836443865740734, 0.005900065104166667, 0.013644748263888892, 0.0009675202546296298, -0.005206826292438272, -0.002671983506944444, -0.0006058304398148147, 0.009928385416666668, 0.002536349826388889, -0.007080078125, 0.012491861979166666, 0.001030815972222223, 0.004923502604166668, 0.001383463541666667, -0.0003662109375, 0.005353009259259264, 0.0007505063657407391, 0.0032009548611111136, 0.0021972656250000017, -0.004026813271604944, 0.0, -0.005588107638888888, 0.0008469569830246923, -0.0015869140625000004, -0.002265082465277777, 0.001627604166666667, 0.004231770833333334, 0.0008183232060185192, -0.0025423779899691364, 0.001573350694444444, 0.0015281394675925927], [-0.013102213541666664, 0.005900065104166667, -0.002852828414351852, 0.005886501736111112, -0.0015552662037037037, -0.00042046440972222225, 0.001864209587191358, 0.002766927083333333, 0.0004475911458333335, 0.0068359375, -0.002346462673611111, 0.0013834635416666663, 0.0031602647569444445, -0.0023600260416666665, 0.0004747178819444447, -0.004611545138888888, 0.00411422164351852, -0.0013563368055555577, 0.00390625, -0.0015823929398148156, -0.0012448157793209873, 0.005588107638888888, 0.0, -0.0021399980709876573, -0.003065321180555556, -0.004638671875, 0.002970377604166667, -0.002454969618055556, 0.000424985532407407, 0.0033365885416666657, -0.0034827715084876547, -0.002039026331018519], [0.0015869140625, 0.009684244791666664, -0.00018988715277777732, 0.0009449146412037037, -0.001125759548611111, 0.0005063657407407408, -0.0018807870370370371, 0.0003360701195987655, -0.00390625, -0.0012613932291666665, -0.003987630208333334, -0.009507921006944446, 0.006754557291666667, -0.002780490451388889, -0.002468532986111111, -0.0031331380208333335, 0.002956814236111117, -0.003128616898148146, -0.005823206018518519, -0.0041413483796296285, -0.003390842013888888, -0.0008469569830246923, 0.0021399980709876573, 0.0, 0.00439453125, 0.003607855902777778, 0.001505533854166667, 0.0012342664930555555, 0.0