{"component": "left ear", "line": [16, 3, 2, 1, 0], "fidelity_vs_ideal": 0.7398596985556818, "purity": 0.6119175024138701, "rho_real": [[0.083178108121142, -0.05765184944058642, 0.004885826581790122, 0.05214662905092592, -0.07357825761959876, -0.0009856047453703776, 0.054239908854166664, -0.03407118055555556, 0.0024203076774691372, 0.020620840567129633, -0.016728153935185185, -0.009426540798611112, 0.024169921875, -0.0020616319444444423, -0.005384657118055556, 0.0081787109375, -0.015427577642746914, -0.004661277488425926, 0.011167173032407409, -0.006401909722222222, -0.005380135995370371, 0.005167643229166667, -0.002766927083333334, 0.0035400390625, 0.0021656177662037032, -0.002712673611111111, 0.0005832248263888884, 0.003580729166666666, -2.712673611111058e-05, -0.006103515625000001, 0.0098876953125, -0.0042724609375], [-0.05765184944058642, 0.08561348620756169, -0.05249927662037037, -0.029176311728395063, 0.09388563368055557, -0.053432134934413573, -0.023247612847222217, 0.0513916015625, -0.029111508969907406, -0.01591736593364198, 0.031561957465277776, -0.006691261574074075, -0.019259982638888888, 0.007758246527777778, -0.0052490234375, -0.010511610243055556, 0.019662362557870367, -0.00385350356867284, -0.008300781250000003, 0.011791087962962965, 0.008151584201388888, -0.008553964120370369, 0.008748372395833334, -0.002278645833333334, -0.012424045138888888, 0.0026810257523148147, 0.005045572916666666, -0.007310655381944445, -0.001871744791666667, 0.002170138888888889, -0.0052490234375, -0.0030517578125], [0.004885826581790122, -0.05249927662037037, 0.10960557725694449, -0.045779381269290126, -0.04270200376157407, 0.09635416666666667, -0.04023949893904321, -0.04826750578703704, 0.04578993055555556, -0.017537434895833332, -0.023892626350308647, 0.02987105758101852, -0.00028483072916666696, -0.0281982421875, 0.005832248263888888, 0.007215711805555554, -0.013906973379629633, 0.017062717013888888, 0.001689392843364198, -0.016569914641203706, 0.006537543402777777, -0.006958007812499998, -0.0060311776620370385, 0.008015950520833332, 0.0010172526041666665, -0.003580729166666667, -0.0028799551504629624, 0.008517795138888888, -0.006306966145833333, 0.0072021484375, 0.000786675347222222, 0.00390625], [0.05214662905092592, -0.029176311728395063, -0.045779381269290126, 0.1153685016396605, -0.038167317708333336, -0.054719147858796294, 0.0712890625, -0.02090717833719136, -0.018975151909722217, 0.03879123263888888, -0.0067319516782407395, -0.0272020881558642, 0.015340169270833332, 0.008260091145833332, -0.017632378472222224, 0.010904947916666664, -0.014187282986111112, -0.01415111400462963, 0.009327076099537035, 0.001164942611882716, -0.0017496744791666665, 0.012885199652777776, -0.0003933376736111123, -0.005787037037037038, 0.006022135416666666, 0.004842122395833334, 0.005967881944444444, -0.0022017867476851853, 0.0018310546875, -0.004109700520833335, 0.002766927083333334, 0.0005425347222222226], [-0.07357825761959876, 0.09388563368055557, -0.04270200376157407, -0.038167317708333336, 0.13830566406250003, -0.04719901379243828, -0.04599488811728395, 0.07268156828703703, -0.027063440393518517, -0.027506510416666668, 0.0284423828125, 0.0069580078125, -0.030394000771604934, 0.027673791956018517, 0.013301142939814815, -0.011867947048611112, 0.019901982060185182, -0.007907443576388886, -0.008436414930555556, 0.002319335937500001, 0.008633837287808642, -0.01065628616898148, 0.006202980324074073, 0.004096137152777778, -0.008843315972222222, 0.002115885416666667, -0.0021565755208333335, 0.0015869140625, -0.001387984664351852, 0.007378472222222222, -0.003648546006944445, -0.005452473958333334], [-0.0009856047453703776, -0.053432134934413573, 0.09635416666666667, -0.054719147858796294, -0.04719901379243828, 0.11721311969521603, -0.0462330005787037, -0.041157286844135804, 0.06016710069444444, -0.020471643518518517, -0.02274576822916667, 0.023478190104166664, -0.0029070818865740743, -0.02670476466049383, 0.013983832465277776, 0.004457826967592593, -0.02098253038194444, 0.015860098379629633, 0.0013427734375000013, -0.016248914930555552, 0.00894730179398148, -0.001547730999228395, -0.008544921875, -0.005217375578703704, 0.004882812500000001, -0.002739800347222222, -0.0003662109375, 0.009806315104166668, 0.0027126736111111106, -0.0015236183449074078, 0.002360026041666667, 0.0006646050347222222], [0.054239908854166664, -0.023247612847222217, -0.04023949893904321, 0.0712890625, -0.04599488811728395, -0.0462330005787037, 0.07373197579089505, -0.02653748312114198, -0.017890082465277776, 0.031453450520833336, -0.00075050636574074, -0.015299479166666668, 0.015814887152777773, 0.0011800130208333322, -0.01764443479938271, -0.0018129701967592579, 6.505213034913027e-19, -0.010945638020833332, 0.01198097511574074, -1.3563368055555074e-05, -0.014313874421296297, 0.012586805555555554, -0.0005621262538580247, -0.00026674623842592635, -0.001424153645833333, 0.0018310546875, 0.002224392361111111, -0.0005696614583333333, 0.0013427734374999998, -0.002360026041666667, 0.0012161820023148151, -0.003363715277777777], [-0.03407118055555556, 0.0513916015625, -0.04826750578703704, -0.02090717833719136, 0.07268156828703703, -0.041157286844135804, -0.02653748312114198, 0.06063277633101853, -0.010620117187500002, -0.002997504340277777, 0.018174913194444444, -0.004575376157407407, -0.023206922743055556, 0.010769314236111108, 0.012311017071759259, -0.014226466049382719, 0.0186767578125, -0.006184895833333333, -0.009833441840277778, 0.01070601851851852, 0.00542534722222222, -0.0012116608796296298, 0.007563838252314815, 0.0028739269868827168, -0.0103759765625, 0.004191080729166667, -0.003173828125, -0.007785373263888889, -0.004964192708333333, 0.001749674479166666, -0.008680555555555556, 0.0022198712384259257], [0.0024203076774691372, -0.029111508969907406, 0.04578993055555556, -0.018975151909722217, -0.027063440393518517, 0.06016710069444444, -0.017890082465277776, -0.010620117187500002, 0.04605366271219137, -0.011816707658179012, -0.019681954089506175, 0.015145760995370369, 0.001617054880401236, -0.01799406828703704, 0.004842122395833337, 0.005560980902777776, -0.01277217158564815, 0.004313151041666667, 0.003729926215277777, -0.010823567708333334, 0.001356336805555556, 0.0038248697916666665, -0.002644856770833334, 0.0072021484375, 0.004203137056327161, -0.00013111255787037117, 0.00023509837962962937, 0.0017361111111111106, 0.00123878761574074, 0.001668294270833334, -0.000732421875, 0.0013427734375], [0.020620840567129633, -0.01591736593364198, -0.017537434895833332, 0.03879123263888888, -0.027506510416666668, -0.020471643518518517, 0.031453450520833336, -0.002997504340277777, -0.011816707658179012, 0.03208640769675927, -0.009530526620370369, -0.012294439621913582, 0.020833333333333332, 6.178867669752973e-05, -0.0077039930555555525, 0.005574544270833334, 0.001817491319444445, -0.008133499710648149, 0.0013834635416666663, 0.0002305772569444447, -0.010986328125, 0.002251519097222222, 0.0037841796875, -0.005818684895833334, 0.003142180266203703, 0.0004234784915123453, -0.0006510416666666665, 0.0005334924768518518, -0.004462348090277778, -0.003725405092592593, -0.0032145182291666657, 0.003173828125000001], [-0.016728153935185185, 0.031561957465277776, -0.023892626350308647, -0.0067319516782407395, 0.0284423828125, -0.02274576822916667, -0.00075050636574074, 0.018174913194444444, -0.019681954089506175, -0.009530526620370369, 0.021139262635030853, -0.00640040268132716, -0.008983470775462967, 0.011149088541666668, 0.0011016468942901241, -0.007333260995370374, 0.005628797743055556, -0.002360026041666667, -2.26056134259257e-05, 0.005452473958333333, 0.0019938151041666665, 0.0015869140625, 0.003146701388888889, -0.0017903645833333333, -0.0023238570601851853, 0.0011121961805555546, 0.003416461709104938, -0.003250687210648147, 0.0036892361111111114, 0.0015869140625, -0.003806785300925926, -0.0047607421875], [-0.009426540798611112, -0.006691261574074075, 0.02987105758101852, -0.0272020881558642, 0.0069580078125, 0.023478190104166664, -0.015299479166666668, -0.004575376157407407, 0.015145760995370369, -0.012294439621913582, -0.00640040268132716, 0.014188790027006175, -0.013346354166666668, -0.005701135706018519, 0.009629991319444444, 0.0016622661072530857, -0.0005696614583333333, 0.006686740451388888, -0.0032280815972222225, 0.0011980975115740743, -0.0013427734375, -0.003621419270833334, -0.002441406250000001, 0.003553602430555556, 0.008110894097222222, -0.0015914351851851857, 0.003874602141203703, -0.003998179494598765, -0.002970377604166666, 0.0007595486111111106, 0.001152886284722222, 0.0005063657407407409], [0.024169921875, -0.019259982638888888, -0.00028483072916666696, 0.015340169270833332, -0.030394000771604934, -0.0029070818865740743, 0.015814887152777773, -0.023206922743055556, 0.001617054880401236, 0.020833333333333332, -0.008983470775462967, -0.013346354166666668, 0.015424563560956797, -0.007114740065586418, -0.008713710455246916, 0.005570023148148149, -0.004421657986111111, -0.0014648437500000007, 0.004679361979166666, 0.0018310546875, -0.0006465205439814821, 0.007405598958333335, 0.0029161241319444445, 0.0021158854166666652, 0.00020797164351851792, 0.0012885199652777784, -0.006727430555555555, 0.0035400390625, 0.00032401379243827077, -0.005637839988425925, -0.0022876880787037032, 0.005398220486111112], [-0.0020616319444444423, 0.007758246527777778, -0.0281982421875, 0.008260091145833332, 0.027673791956018517, -0.02670476466049383, 0.0011800130208333322, 0.010769314236111108, -0.01799406828703704, 6.178867669752973e-05, 0.011149088541666668, -0.005701135706018519, -0.007114740065586418, 0.014170705536265427, 0.0027578848379629633, -0.004418643904320988, 0.006998697916666667, -0.003526475694444445, 0.0042724609375, 0.001993815104166667, 0.0008409288194444458, -0.004471390335648149, 0.009928385416666666, -0.0010715060763888892, 0.001234266493055556, 0.0047923900462962955, -0.0013427734374999996, -0.00037977430555555524, -0.0005741825810185194, 0.004085587866512346, 0.0010579427083333337, 0.0035445601851851857], [-0.005384657118055556, -0.0052490234375, 0.005832248263888888, -0.017632378472222224, 0.013301142939814815, 0.013983832465277776, -0.01764443479938271, 0.012311017071759259, 0.004842122395833337, -0.0077039930555555525, 0.0011016468942901241, 0.009629991319444444, -0.008713710455246916, 0.0027578848379629633, 0.00942654079861111, -0.003000518422067901, 0.005411783854166665, -0.0042724609375, -0.00018988715277777797, 0.002685546874999999, -0.0010443793402777778, -0.007486979166666668, -0.003359194155092593, -0.002685546875, -0.005777994791666667, 0.002970377604166667, 0.002540870949074073, 0.001858181423611111, 0.0010127314814814816, -0.00043402777777777797, -0.0007339289158950621, -0.0001311125578703704], [0.0081787109375, -0.010511610243055556, 0.007215711805555554, 0.010904947916666664, -0.011867947048611112, 0.004457826967592593, -0.0018129701967592579, -0.014226466049382719, 0.005560980902777776, 0.005574544270833334, -0.007333260995370374, 0.0016622661072530857, 0.005570023148148149, -0.004418643904320988, -0.003000518422067901, 0.008787555459104942, -0.0072021484375, -0.0016682942708333335, 0.003824869791666667, -0.001736111111111111, -0.009114583333333332, 0.001478407118055555, 0.00018988715277777797, 0.00209327980324074, -0.0006103515625000007, 0.001220703125, -0.0008002387152777775, -0.0018265335648148145, -0.0035264756944444454, -0.002486617476851852, 0.001297562210648149, -0.00028181664737654305], [-0.015427577642746914, 0.019662362557870367, -0.013906973379629633, -0.014187282986111112, 0.019901982060185182, -0.02098253038194444, 6.505213034913027e-19, 0.0186767578125, -0.01277217158564815, 0.001817491319444445, 0.005628797743055556, -0.0005696614583333333, -0.004421657986111111, 0.006998697916666667, 0.005411783854166665, -0.0072021484375, 0.01342924141589507, -0.0033079547646604913, -0.004536193094135801, 0.011971932870370369, 0.0016441816165123514, -0.00806568287037037, 0.0011257595486111101, 0.00027126736111111015, 0.0005937741126543238, 0.00499584056712963, -0.0022696035879629607, 0.003512912326388888, -0.0008951822916666665, 0.0019259982638888899, -0.006768120659722221, 0.0047607421875], [-0.004661277488425926, -0.00385350356867284, 0.017062717013888888, -0.01415111400462963, -0.007907443576388886, 0.015860098379629633, -0.010945638020833332, -0.006184895833333333, 0.004313151041666667, -0.008133499710648149, -0.002360026041666667, 0.006686740451388888, -0.0014648437500000007, -0.003526475694444445, -0.0042724609375, -0.0016682942708333335, -0.0033079547646604913, 0.009498878761574061, -0.0014738859953703706, -0.0031165605709876556, 0.006781684027777776, -0.0005078727816357972, -0.00029839409722222203, 0.000556098090277778, -0.0017677589699074073, -0.0010338300540123442, -0.001071506076388889, 0.002233434606481481, -0.002577039930555556, 0.003363715277777776, 0.0030517578125, -0.00017632378472222203], [0.011167173032407409, -0.008300781250000003, 0.001689392843364198, 0.009327076099537035, -0.008436414930555556, 0.0013427734375000013, 0.01198097511574074, -0.009833441840277778, 0.003729926215277777, 0.0013834635416666663, -2.26056134259257e-05, -0.0032280815972222225, 0.004679361979166666, 0.0042724609375, -0.00018988715277777797, 0.003824869791666667, -0.004536193094135801, -0.0014738859953703706, 0.004700460551697537, 0.0011317877121913567, -0.0004385489004629633, -0.0006510416666666696, 4.370418595679368e-05, -0.0037525318287037097, 0.0010579427083333348, -0.0013427734374999983, -0.002878448109567901, -0.0018672236689814808, 0.005167643229166665, 0.00012207031249999957, 0.0014377170138888886, 0.0019259982638888881], [-0.006401909722222222, 0.011791087962962965, -0.016569914641203706, 0.001164942611882716, 0.002319335937500001, -0.016248914930555552, -1.3563368055555074e-05, 0.01070601851851852, -0.010823567708333334, 0.0002305772569444447, 0.005452473958333333, 0.0011980975115740743, 0.0018310546875, 0.001993815104166667, 0.002685546874999999, -0.001736111111111111, 0.011971932870370369, -0.0031165605709876556, 0.0011317877121913567, 0.004206151138117278, -0.007242838541666666, -0.0007369429976851836, 0.0029025607638888916, -0.0009690272955246923, -0.0037570529513888873, 0.0028483072916666687, 0.0005922670717592605, -0.0015221113040123448, 0.0006917317708333339, 4.069010416666522e-05, -0.003390842013888888, 0.000813802083333333], [-0.005380135995370371, 0.008151584201388888, 0.006537543402777777, -0.0017496744791666665, 0.008633837287808642, 0.00894730179398148, -0.014313874421296297, 0.00542534722222222, 0.001356336805555556, -0.010986328125, 0.0019938151041666665, -0.0013427734375, -0.0006465205439814821, 0.0008409288194444458, -0.0010443793402777778, -0.009114583333333332, 0.0016441816165123514, 0.006781684027777776, -0.0004385489004629633, -0.007242838541666666, 0.002421814718364208, 0.00025468991126543356, -0.0032250675154320996, -0.0026493778935185175, 0.0005515769675925931, 0.002034505208333332, 0.0023193359375, -0.0013427734375, -0.0029779128086419742, -0.0025996455439814808, 0.0022063078703703715, -0.004787868923611111], [0.005167643229166667, -0.008553964120370369, -0.006958007812499998, 0.012885199652777776, -0.01065628616898148, -0.001547730999228395, 0.012586805555555554, -0.0012116608796296298, 0.0038248697916666665, 0.002251519097222222, 0.0015869140625, -0.003621419270833334, 0.007405598958333335, -0.004471390335648149, -0.007486979166666668, 0.001478407118055555, -0.00806568287037037, -0.0005078727816357972, -0.0006510416666666696, -0.0007369429976851836, 0.00025468991126543356, 0.0031753351658950473, -0.0030201099537037045, 0.0019380545910493829, -0.004041883680555554, -0.0021339699074074056, -0.0017496744791666696, -0.0006917317708333339, 0.004579897280092591, -0.0008077739197530852, -9.494357638888985e-05, 0.0005244502314814816], [-0.002766927083333334, 0.008748372395833334, -0.0060311776620370385, -0.0003933376736111123, 0.006202980324074073, -0.008544921875, -0.0005621262538580247, 0.007563838252314815, -0.002644856770833334, 0.0037841796875, 0.003146701388888889, -0.002441406250000001, 0.0029161241319444445, 0.009928385416666666, -0.003359194155092593, 0.00018988715277777797, 0.0011257595486111101, -0.00029839409722222203, 4.370418595679368e-05, 0.0029025607638888916, -0.0032250675154320996, -0.0030201099537037045, 0.0059904875578703585, -0.0018159842785493842, -0.006578233506944443, 0.001180013020833334, -0.0048737702546296285, -0.002848307291666666, 0.0005425347222222229, 0.0017496744791666678, -0.0018928433641975276, 0.003558123553240742], [0.0035400390625, -0.002278645833333334, 0.008015950520833332, -0.005787037037037038, 0.004096137152777778, -0.005217375578703704, -0.00026674623842592635, 0.0028739269868827168, 0.0072021484375, -0.005818684895833334, -0.0017903645833333333, 0.003553602430555556, 0.0021158854166666652, -0.0010715060763888892, -0.002685546875, 0.00209327980324074, 0.00027126736111111015, 0.000556098090277778, -0.0037525318287037097, -0.0009690272955246923, -0.0026493778935185175, 0.0019380545910493829, -0.0018159842785493842, 0.003127109857253096, -0.005737304687499998, -0.001451280381944444, 0.002305772569444444, 0.0005787037037037037, 0.0027533637152777775, 0.0033094618055555577, -0.0031512225115740743, 0.001633632330246913], [0.0021656177662037032, -0.012424045138888888, 0.0010172526041666665, 0.006022135416666666, -0.008843315972222222, 0.004882812500000001, -0.001424153645833333, -0.0103759765625, 0.004203137056327161, 0.003142180266203703, -0.0023238570601851853, 0.008110894097222222, 0.00020797164351851792, 0.001234266493055556, -0.005777994791666667, -0.0006103515625000007, 0.0005937741126543238, -0.0017677589699074073, 0.0010579427083333348, -0.0037570529513888873, 0.0005515769675925931, -0.004041883680555554, -0.006578233506944443, -0.005737304687499998, -0.0013789424189814773, -0.0008755907600308641, 0.0025800540123456835, -0.002079716435185187, -0.0009599850501543165, -0.0006600839120370376, 0.0029975043402777754, -0.002088758680555554], [-0.002712673611111111, 0.0026810257523148147, -0.003580729166666667, 0.004842122395833334, 0.002115885416666667, -0.002739800347222222, 0.0018310546875, 0.004191080729166667, -0.00013111255787037117, 0.0004234784915123453, 0.0011121961805555546, -0.0015914351851851857, 0.0012885199652777784, 0.0047923900462962955, 0.002970377604166667, 0.001220703125, 0.00499584056712963, -0.0010338300540123442, -0.0013427734374999983, 0.0028483072916666687, 0.002034505208333332, -0.0021339699074074056, 0.001180013020833334, -0.001451280381944444, -0.0008755907600308641, 0.0020510826581790122, -0.002287688078703701, 0.0008529851466049384, -0.003770616319444444, 0.0005771966628086416, -0.0003797743055555542, 0.00014919704861111015], [0.0005832248263888884, 0.005045572916666666, -0.0028799551504629624, 0.005967881944444444, -0.0021565755208333335, -0.0003662109375, 0.002224392361111111, -0.003173828125, 0.00023509837962962937, -0.0006510416666666665, 0.003416461709104938, 0.003874602141203703, -0.006727430555555555, -0.0013427734374999996, 0.002540870949074073, -0.0008002387152777775, -0.0022696035879629607, -0.001071506076388889, -0.002878448109567901, 0.0005922670717592605, 0.0023193359375, -0.0017496744791666696, -0.0048737702546296285, 0.002305772569444444, 0.0025800540123456835, -0.002287688078703701, 0.003329053337191347, -0.001264407310956792, -0.0017135054976851853, 0.002034505208333334, -0.0012583791473765402, 7.233796296296155e-05], [0.003580729166666666, -0.007310655381944445, 0.008517795138888888, -0.0022017867476851853, 0.0015869140625, 0.009806315104166668, -0.0005696614583333333, -0.007785373263888889, 0.0017361111111111106, 0.0005334924768518518, -0.003250687210648147, -0.003998179494598765, 0.0035400390625, -0.00037977430555555524, 0.001858181423611111, -0.0018265335648148145, 0.003512912326388888, 0.002233434606481481, -0.0018672236689814808, -0.0015221113040123448, -0.0013427734375, -0.0006917317708333339, -0.002848307291666666, 0.0005787037037037037, -0.002079716435185187, 0.0008529851466049384, -0.001264407310956792, 0.00021249276620369413, 0.004882812499999998, -0.0023374204282407395, 0.002766927083333332, -0.0015115620177469143], [-2.712673611111058e-05, -0.001871744791666667, -0.006306966145833333, 0.0018310546875, -0.001387984664351852, 0.0027126736111111106, 0.0013427734374999998, -0.004964192708333333, 0.00123878761574074, -0.004462348090277778, 0.0036892361111111114, -0.002970377604166666, 0.00032401379243827077, -0.0005741825810185194, 0.0010127314814814816, -0.0035264756944444454, -0.0008951822916666665, -0.002577039930555556, 0.005167643229166665, 0.0006917317708333339, -0.0029779128086419742, 0.004579897280092591, 0.0005425347222222229, 0.0027533637152777775, -0.0009599850501543165, -0.003770616319444444, -0.0017135054976851853, 0.004882812499999998, 0.003310968846450619, -0.003389334972993828, -0.0016426745756172867, 0.004946108217592593], [-0.006103515625000001, 0.002170138888888889, 0.0072021484375, -0.004109700520833335, 0.007378472222222222, -0.0015236183449074078, -0.002360026041666667, 0.001749674479166666, 0.001668294270833334, -0.003725405092592593, 0.0015869140625, 0.0007595486111111106, -0.005637839988425925, 0.004085587866512346, -0.00043402777777777797, -0.002486617476851852, 0.0019259982638888899, 0.003363715277777776, 0.00012207031249999957, 4.069010416666522e-05, -0.0025996455439814808, -0.0008077739197530852, 0.0017496744791666678, 0.0033094618055555577, -0.0006600839120370376, 0.0005771966628086416, 0.002034505208333334, -0.0023374204282407395, -0.003389334972993828, 0.0014422381365740665, 0.003164785879629631, -0.0025559413580246906], [0.0098876953125, -0.0052490234375, 0.000786675347222222, 0.002766927083333334, -0.003648546006944445, 0.002360026041666667, 0.0012161820023148151, -0.008680555555555556, -0.000732421875, -0.0032145182291666657, -0.003806785300925926, 0.001152886284722222, -0.0022876880787037032, 0.0010579427083333337, -0.0007339289158950621, 0.001297562210648149, -0.006768120659722221, 0.0030517578125, 0.0014377170138888886, -0.003390842013888888, 0.0022063078703703715, -9.494357638888985e-05, -0.0018928433641975276, -0.0031512225115740743, 0.0029975043402777754, -0.0003797743055555542, -0.0012583791473765402, 0.002766927083333332, -0.0016426745756172867, 0.003164785879629631, -0.0006254219714506171, 0.0011046609760802443], [-0.0042724609375, -0.0030517578125, 0.00390625, 0.0005425347222222226, -0.005452473958333334, 0.0006646050347222222, -0.003363715277777777, 0.0022198712384259257, 0.0013427734375, 0.003173828125000001, -0.0047607421875, 0.0005063657407407409, 0.005398220486111112, 0.0035445601851851857, -0.0001311125578703704, -0.00028181664737654305, 0.0047607421875, -0.00017632378472222203, 0.0019259982638888881, 0.000813802083333333, -0.004787868923611111, 0.0005244502314814816, 0.003558123553240742, 0.001633632330246913, -0.002088758680555554, 0.00014919704861111015, 7.233796296296155e-05, -0.0015115620177469143, 0.004946108217592593, -0.0025559413580246906, 0.0011046609760802443, 0.00018235194830247027]], "rho_imag": [[0.0, -0.049610279224537035, 0.06982572579089508, -0.03725405092592593, -0.04584267698688273, 0.0758960865162037, -0.031290690104166664, -0.03370496961805555, 0.04177818769290124, -0.01839192708333333, -0.017469618055555556, 0.014729817708333334, -5.877459490740604e-05, -0.015679253472222224, 0.009087456597222224, 0.007364908854166667, -0.01272846739969136, 0.013676396122685185, 0.0018853081597222225, -0.017550998263888888, 0.0003888165509259257, 0.0014919704861111123, -0.005588107638888888, 0.0033365885416666657, 0.0024097583912037045, -0.0017496744791666674, -0.0012342664930555555, 0.004353841145833333, -0.008314344618055556, 0.004150390625000002, 8.138020833333348e-05, -0.0015869140625], [0.049610279224537035, 0.0, -0.06337709780092592, 0.08084822289737653, -0.018893771701388888, -0.06737226321373456, 0.06788465711805555, 1.3563368055554206e-05, -0.034306278935185196, 0.02606276523919753, 0.0040961371527777745, -0.02756076388888889, 0.014485677083333334, 0.010195131655092593, -0.011678059895833332, 0.0027398003472222225, 0.00481499565972222, -0.014582127700617285, 0.0078125, 0.0026991102430555555, -0.005398220486111111, 0.005407262731481481, 0.006510416666666666, 0.0018988715277777775, 0.0009901258680555564, 0.00571922019675926, 0.00044759114583333326, -0.0012342664930555542, 0.006673177083333332, -0.004814995659722222, 0.0057373046875, 0.004231770833333334], [-0.06982572579089508, 0.06337709780092592, 0.0, -0.09370930989583334, 0.08409740306712962, 0.0063069661458333304, -0.07067268277391976, 0.054248951099537035, -0.002992983217592591, -0.029730902777777776, 0.023793161651234573, 0.014105902777777778, -0.021023220486111112, 0.011922200520833336, 0.011876989293981484, -0.009982638888888888, 0.015593352141203705, 0.0018446180555555542, -0.014880521797839507, 0.006189416956018519, 0.004530164930555556, -0.021891276041666668, 0.007224754050925924, 0.005479600694444444, 0.0004747178819444445, 0.0022379557291666652, -0.0013337311921296294, 0.004597981770833334, 0.003580729166666667, 0.0067138671875, 0.002183702256944444, -0.0026855468749999996], [0.03725405092592593, -0.08084822289737653, 0.09370930989583334, 0.0, -0.07222493489583333, 0.07362648292824074, -0.0003390842013888864, -0.06740843219521606, 0.03504774305555555, 0.002378110532407409, -0.03153935185185185, 0.019362461419753087, 0.008504231770833334, -0.022650824652777776, -0.0013020833333333326, 0.014481155960648149, -0.017659505208333336, 0.012609411168981479, 0.0002577039930555555, -0.014238522376543206, 0.005371093750000002, 0.006157769097222222, -0.005316840277777778, -0.0020797164351851853, 0.013142903645833332, -0.010918511284722224, 0.0001763237847222216, 0.0024640118634259257, -0.0113525390625, -0.005452473958333333, -0.0030924479166666665, -0.0016411675347222216], [0.04584267698688273, 0.018893771701388888, -0.08409740306712962, 0.07222493489583333, 0.0, -0.1033031322337963, 0.07241180796682098, 0.01341869212962963, -0.06088595920138888, 0.040852864583333336, 0.019395616319444444, -0.0272216796875, 0.0063054591049382745, 0.027940538194444448, -0.01980251736111111, -0.005859375, 0.00933159722222222, -0.015543619791666664, 0.0030924479166666657, 0.004069010416666668, -0.011507764274691357, 0.0007911964699074078, 0.0016140407986111114, 0.008816189236111112, -0.00473361545138889, 0.00032552083333333326, -0.003743489583333333, 0.0028076171875, 0.0027624059606481486, 0.00036621093749999957, 0.002427842881944444, -0.005900065104166667], [-0.0758960865162037, 0.06737226321373456, -0.0063069661458333304, -0.07362648292824074, 0.1033031322337963, 0.0, -0.06429940682870369, 0.059617030767746916, 0.0052625868055555525, -0.03858778211805555, 0.019978841145833332, 0.004096137152777777, -0.03121383101851852, 0.015383873456790128, 0.016872829861111112, -0.012315538194444446, 0.009521484375, 0.00604926215277778, -0.019287109375, 0.00537109375, 0.008097330729166668, -0.012656129436728395, 0.008951822916666668, 0.004543728298611112, -0.005126953125, 0.006252712673611111, 0.0091552734375, -0.004964192708333333, -0.001125759548611111, 0.004118742766203704, -0.004923502604166667, -0.005384657118055556], [0.031290690104166664, -0.06788465711805555, 0.07067268277391976, 0.0003390842013888864, -0.07241180796682098, 0.06429940682870369, 0.0, -0.053435149016203706, 0.03914388020833333, -0.010782877604166664, -0.022257486979166668, 0.00732421875, 0.012686270254629631, -0.01646592881944444, -0.00012357735339505946, 0.009168836805555558, -0.023790147569444444, 0.015136718750000002, 0.004774305555555555, -0.015950520833333332, 0.0021927445023148147, 0.002170138888888888, -0.007746190200617282, 0.0016049985532407408, 0.004313151041666667, 0.0047607421875, 0.000881618923611111, 0.0008138020833333335, -0.0033501519097222225, -0.006551106770833335, 0.0035762080439814816, -0.0010986328125], [0.03370496961805555, -1.3563368055554206e-05, -0.054248951099537035, 0.06740843219521606, -0.01341869212962963, -0.059617030767746916, 0.053435149016203706, 0.0, -0.031290690104166664, 0.024332682291666664, 0.009494357638888888, -0.0196533203125, 0.006157769097222222, 0.008942780671296297, -0.015588831018518521, -0.0028724199459876525, 0.0012207031249999996, -0.006537543402777778, 0.011067708333333334, 0.005398220486111111, -0.005126953125, 0.0023012514467592587, 0.0059814453125, -0.0018416039737654318, 0.0013427734375, -0.006184895833333333, -0.004638671875, -0.003268771701388888, -0.004435221354166667, 0.006740993923611112, 0.0009901258680555555, 0.0024911385995370367], [-0.04177818769290124, 0.034306278935185196, 0.002992983217592591, -0.03504774305555555, 0.06088595920138888, -0.0052625868055555525, -0.03914388020833333, 0.031290690104166664, 0.0, -0.02912959346064815, 0.01832109616126543, 0.015371817129629628, -0.02241421923225309, 0.003494827835648147, 0.01455349392361111, -0.0066053602430555525, 0.005131474247685185, 0.011759440104166666, -0.0007459852430555555, -0.002075195312500001, 0.008124457465277776, -0.0011393229166666665, -0.008382161458333332, -0.0023193359375, -0.0034511236496913593, -0.003766095196759259, -1.356336805555464e-05, 0.005072699652777777, 0.005353009259259259, 0.0009223090277777775, 0.001898871527777778, 0.0016276041666666665], [0.01839192708333333, -0.02606276523919753, 0.029730902777777776, -0.002378110532407409, -0.040852864583333336, 0.03858778211805555, 0.010782877604166664, -0.024332682291666664, 0.02912959346064815, 0.0, -0.016013816550925923, 0.007750711323302472, 0.00505913628472222, -0.013941635320216052, -0.003160264756944445, 0.005167643229166668, -0.014906141493055554, 0.0034496166087962963, -0.0004475911458333335, -0.0007459852430555546, -0.0007324218749999996, 0.0018581814236111114, -0.0067138671875, 0.005045572916666667, 0.0031060112847222225, -0.003351658950617285, 0.004557291666666668, -0.0014784071180555555, 0.001519097222222222, -0.0016728153935185186, -0.004964192708333333, -0.001844618055555555], [0.017469618055555556, -0.0040961371527777745, -0.023793161651234573, 0.03153935185185185, -0.019395616319444444, -0.019978841145833332, 0.022257486979166668, -0.009494357638888888, -0.01832109616126543, 0.016013816550925923, 0.0, -0.01300726996527778, 0.010421187789351851, 0.0006917317708333322, -0.009538061824845677, 0.003494827835648147, -0.004950629340277778, -0.0020751953125, 0.0021475332754629633, -0.004191080729166667, -0.00732421875, 0.0074462890625, 0.000393337673611111, -0.008463541666666666, -0.004209165219907407, 0.00363498263888889, -0.0003405912422839502, 0.0006284360532407408, -2.712673611111058e-05, 0.0013020833333333335, -0.004738136574074074, 0.0010036892361111106], [-0.014729817708333334, 0.02756076388888889, -0.014105902777777778, -0.019362461419753087, 0.0272216796875, -0.004096137152777777, -0.00732421875, 0.0196533203125, -0.015371817129629628, -0.007750711323302472, 0.01300726996527778, 0.0, -0.009318033854166664, 0.008413809317129631, 0.004896375868055558, -0.010125807773919747, 0.0042724609375, 0.003512912326388889, 0.004299587673611111, 0.006813331886574074, 0.0089111328125, 0.0017089843750000009, 0.001708984375, 0.003404405381944444, -0.003336588541666666, 0.001921477141203704, 0.004570855034722222, -0.000349633487654321, 0.00024414062500000043, 0.001112196180555556, -0.006212022569444442, 0.002233434606481481], [5.877459490740604e-05, -0.014485677083333334, 0.021023220486111112, -0.008504231770833334, -0.0063054591049382745, 0.03121383101851852, -0.012686270254629631, -0.006157769097222222, 0.02241421923225309, -0.00505913628472222, -0.010421187789351851, 0.009318033854166664, 0.0, -0.013974790219907402, 0.0036545741705246906, 0.0019169560185185192, -0.010755750868055556, 0.009358723958333332, 0.002278645833333333, 0.0010986328125, 0.000872576678240741, -0.007283528645833332, -0.002943250868055556, 0.0008544921874999993, 2.7126736111111015e-05, -0.0013020833333333335, 0.0014648437500000004, 0.007242838541666666, -0.0038580246913580245, 0.0017406322337962963, 0.006551106770833334, -0.007622612847222224], [0.015679253472222224, -0.010195131655092593, -0.011922200520833336, 0.022650824652777776, -0.027940538194444448, -0.015383873456790128, 0.01646592881944444, -0.008942780671296297, -0.003494827835648147, 0.013941635320216052, -0.0006917317708333322, -0.008413809317129631, 0.013974790219907402, 0.0, -0.013355396412037035, 0.003772123360339507, -0.006022135416666666, -0.0017225477430555555, 0.0142822265625, -0.0033365885416666665, -0.004652235243055556, 0.006026656539351852, 0.009318033854166666, -0.003919813368055556, 0.006184895833333334, 0.0006510416666666667, 0.0014648437500000004, -0.001627604166666666, 0.0026448567708333335, -0.002076702353395061, -0.006998697916666666, 0.003295898437500001], [-0.009087456597222224, 0.011678059895833332, -0.011876989293981484, 0.0013020833333333326, 0.01980251736111111, -0.016872829861111112, 0.00012357735339505946, 0.015588831018518521, -0.01455349392361111, 0.003160264756944445, 0.009538061824845677, -0.004896375868055558, -0.0036545741705246906, 0.013355396412037035, 0.0, -0.00675003616898148, 0.002034505208333333, -0.0111083984375, 0.003974066840277778, -0.0013834635416666674, 0.005547417534722222, 0.0032958984375, 0.0014693648726851862, 0.0031331380208333335, 0.0038791232638888886, 0.0021972656250000004, 0.001980251736111111, -0.0017089843750000004, 0.0048511646412037045, 0.001030815972222223, -0.0010187596450617286, -0.0002124927662037041], [-0.007364908854166667, -0.0027398003472222225, 0.009982638888888888, -0.014481155960648149, 0.005859375, 0.012315538194444446, -0.009168836805555558, 0.0028724199459876525, 0.0066053602430555525, -0.005167643229166668, -0.003494827835648147, 0.010125807773919747, -0.0019169560185185192, -0.003772123360339507, 0.00675003616898148, 0.0, -0.0057373046875, 0.0037434895833333335, -0.002115885416666667, -0.003106011284722222, 0.0008544921875000002, -0.004543728298611112, -0.0030246310763888886, -0.001677336516203704, -0.0009765625000000004, -0.0008409288194444449, -8.138020833333304e-05, -0.0022786458333333335, -0.0005696614583333335, 0.00040237991898148164, -0.002237955729166667, -0.0006480275848765428], [0.01272846739969136, -0.00481499565972222, -0.015593352141203705, 0.017659505208333336, -0.00933159722222222, -0.009521484375, 0.023790147569444444, -0.0012207031249999996, -0.005131474247685185, 0.014906141493055554, 0.004950629340277778, -0.0042724609375, 0.010755750868055556, 0.006022135416666666, -0.002034505208333333, 0.0057373046875, 0.0, -0.010791919849537032, 0.006168318383487664, 0.006501374421296296, -0.0033622082368827176, -0.0026086877893518514, 0.002997504340277778, -0.00017632378472222203, 0.0021731529706790088, 0.0010308159722222238, 0.000922309027777778, 0.002522786458333334, 0.004010235821759259, 0.00246853298611111, 0.003065321180555555, -0.002644856770833333], [-0.013676396122685185, 0.014582127700617285, -0.0018446180555555542, -0.012609411168981479, 0.015543619791666664, -0.00604926215277778, -0.015136718750000002, 0.006537543402777778, -0.011759440104166666, -0.0034496166087962963, 0.0020751953125, -0.003512912326388889, -0.009358723958333332, 0.0017225477430555555, 0.0111083984375, -0.0037434895833333335, 0.010791919849537032, 0.0, -0.0003616898148148173, 0.0009147738233024664, -0.002997504340277783, -0.00270212432484568, -0.000800238715277778, -0.00020345052083333044, -0.0017541956018518497, 0.0018114631558641997, -0.00241427951388889, 0.003038194444444445, 0.0010579427083333348, 0.00026674623842592483, -0.003621419270833334, 0.005018446180555557], [-0.0018853081597222225, -0.0078125, 0.014880521797839507, -0.0002577039930555555, -0.0030924479166666657, 0.019287109375, -0.004774305555555555, -0.011067708333333334, 0.0007459852430555555, 0.0004475911458333335, -0.0021475332754629633, -0.004299587673611111, -0.002278645833333333, -0.0142822265625, -0.003974066840277778, 0.002115885416666667, -0.006168318383487664, 0.0003616898148148173, 0.0, -0.00031195746527777277, 0.003205475983796299, 0.0022379557291666696, -0.002801589023919757, -0.0004928023726851818, -0.0004973234953703708, -0.00368923611111111, -0.0012719425154321, 0.003417968749999999, -0.003119574652777779, -0.005411783854166668, 0.004878291377314815, -0.0030653211805555555], [0.017550998263888888, -0.0026991102430555555, -0.006189416956018519, 0.014238522376543206, -0.004069010416666668, -0.00537109375, 0.015950520833333332, -0.005398220486111111, 0.002075195312500001, 0.0007459852430555546, 0.004191080729166667, -0.006813331886574074, -0.0010986328125, 0.0033365885416666665, 0.0013834635416666674, 0.003106011284722222, -0.006501374421296296, -0.0009147738233024664, 0.00031195746527777277, 0.0, -0.001424153645833334, 0.0008725766782407395, 0.0015597873263888846, -0.0017617308063271563, 0.003634982638888888, 0.0014558015046296298, -0.0017541956018518523, -0.0017421392746913554, -0.0024820963541666652, -0.002305772569444445, -0.0005696614583333322, 0.0003209997106481462], [-0.0003888165509259257, 0.005398220486111111, -0.004530164930555556, -0.005371093750000002, 0.011507764274691357, -0.008097330729166668, -0.0021927445023148147, 0.005126953125, -0.008124457465277776, 0.0007324218749999996, 0.00732421875, -0.0089111328125, -0.000872576678240741, 0.004652235243055556, -0.005547417534722222, -0.0008544921875000002, 0.0033622082368827176, 0.002997504340277783, -0.003205475983796299, 0.001424153645833334, 0.0, -0.003178349247685182, 0.0025152512538580227, -0.0009313512731481495, 0.004652235243055557, -0.0015462239583333348, -0.006320529513888889, 0.0028076171875000004, 0.0014226466049382732, -0.0003255208333333348, -0.002712673611111112, 0.0029296874999999996], [-0.0014919704861111123, -0.005407262731481481, 0.021891276041666668, -0.006157769097222222, -0.0007911964699074078, 0.012656129436728395, -0.002170138888888888, -0.0023012514467592587, 0.0011393229166666665, -0.0018581814236111114, -0.0074462890625, -0.0017089843750000009, 0.007283528645833332, -0.006026656539351852, -0.0032958984375, 0.004543728298611112, 0.0026086877893518514, 0.00270212432484568, -0.0022379557291666696, -0.0008725766782407395, 0.003178349247685182, 0.0, -0.0063295717592592605, 0.0011137032214506258, -0.00556098090277778, -6.781684027777819e-05, -0.0022379557291666665, 0.005235460069444442, -0.0011031539351851862, -0.0018144772376543204, 0.004991319444444446, -0.0035264756944444436], [0.005588107638888888, -0.006510416666666666, -0.007224754050925924, 0.005316840277777778, -0.0016140407986111114, -0.008951822916666668, 0.007746190200617282, -0.0059814453125, 0.008382161458333332, 0.0067138671875, -0.000393337673611111, -0.001708984375, 0.002943250868055556, -0.009318033854166666, -0.0014693648726851862, 0.0030246310763888886, -0.002997504340277778, 0.000800238715277778, 0.002801589023919757, -0.0015597873263888846, -0.0025152512538580227, 0.0063295717592592605, 0.0, -0.0045256438078703646, -0.0023600260416666674, 0.002156575520833334, -0.008151584201388888, 0.0025227864583333335, 0.0034631799768518514, -0.0006781684027777767, 0.00041895736882716084, -0.001356336805555556], [-0.0033365885416666657, -0.0018988715277777775, -0.005479600694444444, 0.0020797164351851853, -0.008816189236111112, -0.004543728298611112, -0.0016049985532407408, 0.0018416039737654318, 0.0023193359375, -0.005045572916666667, 0.008463541666666666, -0.003404405381944444, -0.0008544921874999993, 0.003919813368055556, -0.0031331380208333335, 0.001677336516203704, 0.00017632378472222203, 0.00020345052083333044, 0.0004928023726851818, 0.0017617308063271563, 0.0009313512731481495, -0.0011137032214506258, 0.0045256438078703646, 0.0, -0.002237955729166667, 0.0038248697916666652, -0.0008409288194444454, -0.00033908420138888747, 0.004530164930555554, -0.0027217158564814816, -0.004846643518518518, 0.0032582224151234563], [-0.0024097583912037045, -0.0009901258680555564, -0.0004747178819444445, -0.013142903645833332, 0.00473361545138889, 0.005126953125, -0.004313151041666667, -0.0013427734375, 0.0034511236496913593, -0.