{"component": "muzzle", "line": [28, 29, 30, 31, 18], "fidelity_vs_ideal": 0.6941230021052186, "purity": 0.5984724135210631, "rho_real": [[0.4421371648341049, 0.008704668209876542, -0.1783160927854938, 0.04236744068287037, 0.02373589409722222, 0.03367784288194445, -0.016529224537037035, -0.002997504340277778, -0.0040087287808641976, 0.031317816840277776, -0.007039388020833334, -0.019449869791666668, -0.005280671296296296, 0.005194769965277778, 0.005181206597222223, -0.011189778645833332, -0.027410059799382713, 0.02504249855324074, 0.004145869502314814, -0.010145399305555556, -0.006998697916666667, -0.0015055338541666665, 0.004692925347222222, 0.004272460937500001, -0.013310185185185185, 0.003540039062500001, 0.003865559895833333, -0.003580729166666668, -0.002020941840277778, 0.003255208333333333, -0.0030517578125, 0.001708984375], [0.008704668209876542, 0.16773817274305558, -0.028252495659722224, -0.08425865644290123, -0.026425962094907406, 0.006799768518518518, 0.017890082465277776, -0.006193938078703704, -0.032809787326388895, -0.004090108989197531, 0.021348741319444444, 0.002726236979166666, 0.001912434895833333, -0.00924117476851852, -0.004842122395833332, 0.004204644097222223, -0.018948025173611112, -0.0009434076003086425, 0.015570746527777776, -0.001686378761574074, 0.002156575520833333, 0.003146701388888889, -0.0003662109374999997, 0.003960503472222222, 0.0016954210069444443, -0.0012659143518518514, -0.009033203125, -0.0003662109374999998, -0.0014648437500000002, -0.0018581814236111114, 0.007568359375, 0.0006103515624999998], [-0.1783160927854938, -0.028252495659722224, 0.1141508125964506, 0.003035180362654321, -0.01239691840277778, -0.019002278645833336, 0.013527199074074073, 0.007392035590277778, 0.015692816840277776, -0.022840711805555556, 0.0017240547839506174, 0.013142903645833334, -0.0021701388888888886, -0.005086263020833334, -0.009865089699074073, -0.004896375868055556, 0.011659975405092593, -0.023681640625000003, -0.006558641975308646, 0.00941749855324074, 0.00705295138888889, 0.004272460937499999, -0.004367404513888889, -0.004109700520833333, 0.005032009548611112, -0.007486979166666667, -0.0005877459490740736, -0.001668294270833333, 0.004353841145833333, -0.00390625, -0.0012071397569444445, -0.0006510416666666667], [0.04236744068287037, -0.08425865644290123, 0.003035180362654321, 0.05833906008873456, 0.017781575520833336, 0.0006510416666666659, -0.014734338831018517, -0.002649377893518519, 0.0166015625, 0.006578233506944444, -0.017727322048611112, -0.0029146170910493824, 0.011678059895833332, 0.003526475694444445, -0.002644856770833333, 0.00017180266203703693, 0.013970269097222222, 0.0019214771412037035, -0.008585611979166666, -0.0031497154706790122, 0.006306966145833335, -0.0018174913194444445, 0.001180013020833333, -0.0010579427083333335, 0.002197265624999999, -0.001803927951388889, 0.002671983506944445, -0.001564308449074074, 0.0009765625, 0.002644856770833333, -0.0004882812500000002, -6.781684027777786e-05], [0.02373589409722222, -0.026425962094907406, -0.01239691840277778, 0.017781575520833336, 0.02406895013503086, 0.004644700038580246, -0.012291425540123455, -0.008549442997685185, 0.0065737123842592605, 0.0084228515625, -0.0032823350694444445, 0.005900065104166666, 0.0006570698302469138, 0.0032958984375, -0.00042046440972222225, -0.007812499999999999, 0.006410951967592593, 0.007744683159722221, -0.004014756944444444, -0.0029703776041666665, -0.005970896026234568, 0.00016728153935185184, 0.0018400969328703698, -0.0014377170138888883, -0.0012342664930555553, 0.003580729166666667, -0.002482096354166667, 0.001220703125, -0.00031647858796296307, -0.005900065104166667, -0.0001220703125, 0.002766927083333334], [0.03367784288194445, 0.006799768518518518, -0.019002278645833336, 0.0006510416666666659, 0.004644700038580246, 0.018260814525462958, -0.00576443142361111, -0.004605516975308636, -0.008314344618055556, 0.0029387297453703706, 0.0018310546874999991, -0.002143012152777778, -0.0054931640625, -0.0026795187114197535, -0.0003797743055555553, 0.0002305772569444445, -0.002265082465277778, 0.006627965856481482, -0.0032145182291666674, -0.0003526475694444446, -0.004652235243055558, 0.00015070408950617177, -0.0016004774305555555, 0.0017044632523148151, 0.006022135416666667, -0.0035129123263888886, -0.004150390625, 0.00020345052083333283, 0.003160264756944445, 0.0006600839120370374, 0.00024414062500000043, 0.001505533854166667], [-0.016529224537037035, 0.017890082465277776, 0.013527199074074073, -0.014734338831018517, -0.012291425540123455, -0.00576443142361111, 0.013284565489969119, 0.0047803337191358024, 0.003689236111111111, -0.001668294270833333, -0.0021339699074074073, -0.000691731770833333, 0.0006646050347222222, 0.005398220486111111, -0.004352334104938272, 0.0023735894097222238, -0.0035536024305555555, -0.005086263020833333, -0.0020797164351851844, -0.0018581814236111106, 0.0038203486689814825, 0.00341796875, -0.0013412663966049388, 0.004073531539351853, 0.009318033854166668, 0.005859375, -0.0025363498263888894, -0.007649739583333332, 0.0007188585069444445, 0.004231770833333334, 0.00019892939814814795, -0.0008544921875000002], [-0.002997504340277778, -0.006193938078703704, 0.007392035590277778, -0.002649377893518519, -0.008549442997685185, -0.004605516975308636, 0.0047803337191358024, 0.004383981963734565, 0.007609049479166666, -0.0011935763888888894, 0.0021023220486111114, 0.004322193287037037, -0.0008951822916666665, -0.00031195746527777754, 0.003404405381944444, 0.0017511815200617284, -0.0009358723958333338, -0.00021701388888888888, 0.0031060112847222216, -0.0008861400462962965, -0.0010850694444444451, -0.002174660011574074, 0.0018039279513888886, -0.0003737461419753092, -0.00537109375, -0.011922200520833332, -0.0022786458333333326, 0.003974066840277778, 0.00024414062500000043, 0.0007188585069444441, -0.0002577039930555557, -0.0001265914351851851], [-0.0040087287808641976, -0.032809787326388895, 0.015692816840277776, 0.0166015625, 0.0065737123842592605, -0.008314344618055556, 0.003689236111111111, 0.007609049479166666, 0.023867006655092622, -0.004958164544753086, -0.012408974729938273, -0.0031240957754629624, 0.0021610966435185166, 0.005330403645833334, -0.0029116030092592596, -0.009589301215277776, 0.004005714699074073, 0.007907443576388888, -0.002617730034722222, 0.0008138020833333335, 0.0005018446180555554, -0.01025390625, 0.003377278645833333, 0.0078125, -0.003086419753086423, 0.0034496166087962955, -0.0017406322337962961, -0.001600477430555557, -0.001302083333333333, -0.0011800130208333326, 0.0007052951388888887, 0.0035400390625000004], [0.031317816840277776, -0.004090108989197531, -0.022840711805555556, 0.006578233506944444, 0.0084228515625, 0.0029387297453703706, -0.001668294270833333, -0.0011935763888888894, -0.004958164544753086, 0.0196683907214506, -0.005330403645833339, -0.005591121720679012, -0.005294234664351853, 0.0005244502314814819, 0.0018581814236111119, 0.0010760271990740747, -0.010430230034722222, 0.0060130931712962955, 0.0012207031250000004, 0.001776801215277778, -0.0009765625000000004, -0.0012885199652777775, -0.0009765625, -0.004679361979166667, -0.006523980034722222, -0.002390166859567901, -0.003228081597222221, 0.0008906611689814814, 0.0028076171874999996, -0.002224392361111111, -0.0010986328124999998, -0.0024685329861111114], [-0.007039388020833334, 0.021348741319444444, 0.0017240547839506174, -0.017727322048611112, -0.0032823350694444445, 0.0018310546874999991, -0.0021339699074074073, 0.0021023220486111114, -0.012408974729938273, -0.005330403645833339, 0.02006323543595679, 0.005160108024691358, 0.0005696614583333333, 0.003214518229166666, -0.001157407407407408, 0.003458658854166666, 0.002780490451388889, -0.0021158854166666665, -0.001392505787037037, -0.0007188585069444438, -0.006306966145833333, 0.003662109375, -0.004869249131944445, -0.0004882812500000007, 0.003874602141203703, 0.0032552083333333335, -0.001657744984567902, -0.0038746021412037045, -0.002631293402777778, -0.0028076171875000004, -0.000949435763888889, 0.0035400390625000004], [-0.019449869791666668, 0.002726236979166666, 0.013142903645833334, -0.0029146170910493824, 0.005900065104166666, -0.002143012152777778, -0.000691731770833333, 0.004322193287037037, -0.0031240957754629624, -0.005591121720679012, 0.005160108024691358, 0.002029984085648145, 0.004842122395833332, 0.0033637152777777775, -0.001740632233796296, 0.0012207031250000002, -0.004475911458333334, -0.004218207465277778, 0.006334092881944445, 0.0025679976851851853, -0.004150390625, 0.0007731119791666672, 0.0009765624999999998, 0.0021294487847222225, 0.0024956597222222225, 0.0022741247106481477, -0.0015326605902777784, 0.0007203655478395055, -0.004679361979166666, 0.002658420138888889, 0.0013427734374999996, 0.0010579427083333335], [-0.005280671296296296, 0.001912434895833333, -0.0021701388888888886, 0.011678059895833332, 0.0006570698302469138, -0.0054931640625, 0.0006646050347222222, -0.0008951822916666665, 0.0021610966435185166, -0.005294234664351853, 0.0005696614583333333, 0.004842122395833332, 0.0095531322337963, 0.004111207561728395, -0.00133222415123457, 0.0029251663773148147, 0.008341471354166666, 0.0011393229166666667, -0.0012613932291666665, -0.00439453125, 0.0017541956018518514, -0.003974066840277777, 0.002671983506944445, 0.0027669270833333335, -0.001347294560185185, 0.002210828993055555, 0.0022515190972222225, -0.0017496744791666665, 0.004463855131172839, -0.0007550274884259261, 0.0009991681134259257, -0.0007052951388888888], [0.005194769965277778, -0.00924117476851852, -0.005086263020833334, 0.003526475694444445, 0.0032958984375, -0.0026795187114197535, 0.005398220486111111, -0.00031195746527777754, 0.005330403645833334, 0.0005244502314814819, 0.003214518229166666, 0.0033637152777777775, 0.004111207561728395, 7.384500385802795e-05, 0.0002305772569444458, 0.0017963927469135839, 0.0009765625000000004, -0.0007731119791666664, 0.0068359375, -0.008341471354166666, 0.00031195746527777797, -0.0004701967592592594, -0.002685546875, -0.0017225477430555555, -0.0019395616319444445, -0.0014558015046296298, 0.001912434895833333, 0.001519097222222222, 0.0007731119791666674, -0.001838589891975309, 0.0010850694444444445, -0.0023916739004629624], [0.005181206597222223, -0.004842122395833332, -0.009865089699074073, -0.002644856770833333, -0.00042046440972222225, -0.0003797743055555553, -0.004352334104938272, 0.003404405381944444, -0.0029116030092592596, 0.0018581814236111119, -0.001157407407407408, -0.001740632233796296, -0.00133222415123457, 0.0002305772569444458, -0.0009419005594135804, -0.005356023341049383, -0.001993815104166667, 0.003662109375, -0.003377278645833333, -0.0032552083333333335, -0.006252712673611111, -0.000651041666666667, 0.0014015480324074067, 0.0015597873263888888, -0.002658420138888889, -0.004353841145833333, 0.0035083912037037037, -0.002020941840277778, -0.0021746600115740743, -0.0008951822916666667, 0.0010639708719135804, -0.0012433087384259261], [-0.011189778645833332, 0.004204644097222223, -0.004896375868055556, 0.00017180266203703693, -0.007812499999999999, 0.0002305772569444445, 0.0023735894097222238, 0.0017511815200617284, -0.009589301215277776, 0.0010760271990740747, 0.003458658854166666, 0.0012207031250000002, 0.0029251663773148147, 0.0017963927469135839, -0.005356023341049383, 0.0001582392939814773, 0.001220703125, 0.0011800130208333341, 0.00244140625, 0.0021565755208333335, 0.0018717447916666665, 0.00042046440972222225, -0.0009901258680555553, -0.0008228443287037039, 0.0017496744791666663, 0.0011664496527777775, -0.0009629991319444444, -0.0014829282407407404, 0.0011121961805555557, 0.001921477141203704, 0.0008816189236111114, 0.0006751543209876536], [-0.027410059799382713, -0.018948025173611112, 0.011659975405092593, 0.013970269097222222, 0.006410951967592593, -0.002265082465277778, -0.0035536024305555555, -0.0009358723958333338, 0.004005714699074073, -0.010430230034722222, 0.002780490451388889, -0.004475911458333334, 0.008341471354166666, 0.0009765625000000004, -0.001993815104166667, 0.001220703125, 0.03407570167824076, -0.00047321084104938287, -0.010953173225308636, -0.00841380931712963, 0.004837601273148148, 0.001912434895833334, 0.0019712094907407417, -0.008043077256944446, -0.002616222993827161, 0.004842122395833336, 0.001505533854166667, -0.0023600260416666674, -0.006691261574074073, -0.002210828993055556, -0.00043402777777777775, -0.0016682942708333335], [0.02504249855324074, -0.0009434076003086425, -0.023681640625000003, 0.0019214771412037035, 0.007744683159722221, 0.006627965856481482, -0.005086263020833333, -0.00021701388888888888, 0.007907443576388888, 0.0060130931712962955, -0.0021158854166666665, -0.004218207465277778, 0.0011393229166666667, -0.0007731119791666664, 0.003662109375, 0.0011800130208333341, -0.00047321084104938287, 0.011141553337191343, -0.005411783854166668, -0.0031045042438271556, -0.0005741825810185192, 0.0024956597222222225, -0.002454969618055556, -0.0029929832175925927, 0.0013156467013888881, 0.00012357735339506184, 0.003282335069444443, -0.002237955729166668, 0.0042724609375, 0.004322193287037037, 0.006632486979166667, 0.0015190972222222225], [0.004145869502314814, 0.015570746527777776, -0.006558641975308646, -0.008585611979166666, -0.004014756944444444, -0.0032145182291666674, -0.0020797164351851844, 0.0031060112847222216, -0.002617730034722222, 0.0012207031250000004, -0.001392505787037037, 0.006334092881944445, -0.0012613932291666665, 0.0068359375, -0.003377278645833333, 0.00244140625, -0.010953173225308636, -0.005411783854166668, 0.008914146894290119, 0.003839940200617284, 0.0009494357638888896, -0.00028483072916666696, -0.0016818576388888888, 0.0011800130208333326, 0.0013970269097222212, 0.004177517361111111, 0.00040388695987654305, -0.00031195746527777797, 0.002468532986111111, 0.006876627604166666, 0.005000361689814815, 0.001369900173611111], [-0.010145399305555556, -0.001686378761574074, 0.00941749855324074, -0.0031497154706790122, -0.0029703776041666665, -0.0003526475694444446, -0.0018581814236111106, -0.0008861400462962965, 0.0008138020833333335, 0.001776801215277778, -0.0007188585069444438, 0.0025679976851851853, -0.00439453125, -0.008341471354166666, -0.0032552083333333335, 0.0021565755208333335, -0.00841380931712963, -0.0031045042438271556, 0.003839940200617284, 0.006542064525462965, -0.002237955729166667, -0.002604166666666667, 0.0008635344328703702, 0.0016185619212962965, 0.0003255208333333326, -0.002346462673611111, 0.0001220703125, 0.0005395206404320987, -0.008585611979166666, -0.0016004774305555555, -0.003214518229166667, -0.0022153501157407413], [-0.006998697916666667, 0.002156575520833333, 0.00705295138888889, 0.006306966145833335, -0.005970896026234568, -0.004652235243055558, 0.0038203486689814825, -0.0010850694444444451, 0.0005018446180555554, -0.0009765625000000004, -0.006306966145833333, -0.004150390625, 0.0017541956018518514, 0.00031195746527777797, -0.006252712673611111, 0.0018717447916666665, 0.004837601273148148, -0.0005741825810185192, 0.0009494357638888896, -0.002237955729166667, 0.0060176142939814825, -0.0018205054012345682, -0.003999686535493825, 0.005936234085648148, -0.0015100549768518523, -0.006144205729166666, 5.4253472222222246e-05, -0.004597981770833334, 0.0019410686728395066, -0.000881618923611111, -0.0006646050347222222, 0.00146484375], [-0.0015055338541666665, 0.003146701388888889, 0.004272460937499999, -0.0018174913194444445, 0.00016728153935185184, 0.00015070408950617177, 0.00341796875, -0.002174660011574074, -0.01025390625, -0.0012885199652777775, 0.003662109375, 0.0007731119791666672, -0.003974066840277777, -0.0004701967592592594, -0.000651041666666667, 0.00042046440972222225, 0.001912434895833334, 0.0024956597222222225, -0.00028483072916666696, -0.002604166666666667, -0.0018205054012345682, 0.0023253641010802448, 0.002916124131944446, 0.0008107880015432098, 0.005764431423611112, 0.0033185040509259266, -0.003784179687500001, -0.0017361111111111114, -0.003757052951388889, 0.0011001398533950618, 0.001085069444444444, -0.000827365451388889], [0.004692925347222222, -0.0003662109374999997, -0.004367404513888889, 0.001180013020833333, 0.0018400969328703698, -0.0016004774305555555, -0.0013412663966049388, 0.0018039279513888886, 0.003377278645833333, -0.0009765625, -0.004869249131944445, 0.0009765624999999998, 0.002671983506944445, -0.002685546875, 0.0014015480324074067, -0.0009901258680555553, 0.0019712094907407417, -0.002454969618055556, -0.0016818576388888888, 0.0008635344328703702, -0.003999686535493825, 0.002916124131944446, 0.0021595896026234476, -0.0034209828317901237, -0.004855685763888889, 0.001993815104166667, 0.0034541377314814825, 0.0032958984375, -0.002237955729166667, 0.0001898871527777782, 0.00040388695987654267, 0.00047471788194444406], [0.004272460937500001, 0.003960503472222222, -0.004109700520833333, -0.0010579427083333335, -0.0014377170138888883, 0.0017044632523148151, 0.004073531539351853, -0.0003737461419753092, 0.0078125, -0.004679361979166667, -0.0004882812500000007, 0.0021294487847222225, 0.0027669270833333335, -0.0017225477430555555, 0.0015597873263888888, -0.0008228443287037039, -0.008043077256944446, -0.0029929832175925927, 0.0011800130208333326, 0.0016185619212962965, 0.005936234085648148, 0.0008107880015432098, -0.0034209828317901237, -0.0008273654513888899, -0.006306966145833332, 2.7126736111111015e-05, -0.003350151909722222, -0.0021339699074074078, 0.001383463541666666, 0.001180013020833333, -0.0003933376736111119, -0.0007625626929012344], [-0.013310185185185185, 0.0016954210069444443, 0.005032009548611112, 0.002197265624999999, -0.0012342664930555553, 0.006022135416666667, 0.009318033854166668, -0.00537109375, -0.003086419753086423, -0.006523980034722222, 0.003874602141203703, 0.0024956597222222225, -0.001347294560185185, -0.0019395616319444445, -0.002658420138888889, 0.0017496744791666663, -0.002616222993827161, 0.0013156467013888881, 0.0013970269097222212, 0.0003255208333333326, -0.0015100549768518523, 0.005764431423611112, -0.004855685763888889, -0.006306966145833332, 0.005652910397376559, -0.0003556616512345673, -0.002055603780864196, 0.00403736255787037, -0.003390842013888889, -0.0007188585069444441, -0.00019892939814814838, 0.003919813368055555], [0.003540039062500001, -0.0012659143518518514, -0.007486979166666667, -0.001803927951388889, 0.003580729166666667, -0.0035129123263888886, 0.005859375, -0.011922200520833332, 0.0034496166087962955, -0.002390166859567901, 0.0032552083333333335, 0.0022741247106481477, 0.002210828993055555, -0.0014558015046296298, -0.004353841145833333, 0.0011664496527777775, 0.004842122395833336, 0.00012357735339506184, 0.004177517361111111, -0.002346462673611111, -0.006144205729166666, 0.0033185040509259266, 0.001993815104166667, 2.7126736111111015e-05, -0.0003556616512345673, 0.0028106312692901137, -0.002346462673611111, -0.0013683931327160507, -0.0006013093171296302, 0.0001265914351851851, 0.002997504340277777, 0.0011845341435185184], [0.003865559895833333, -0.009033203125, -0.0005877459490740736, 0.002671983506944445, -0.002482096354166667, -0.004150390625, -0.0025363498263888894, -0.0022786458333333326, -0.0017406322337962961, -0.003228081597222221, -0.001657744984567902, -0.0015326605902777784, 0.0022515190972222225, 0.001912434895833333, 0.0035083912037037037, -0.0009629991319444444, 0.001505533854166667, 0.003282335069444443, 0.00040388695987654305, 0.0001220703125, 5.4253472222222246e-05, -0.003784179687500001, 0.0034541377314814825, -0.003350151909722222, -0.002055603780864196, -0.002346462673611111, -0.0016411675347222238, -0.0017391251929012347, -0.002197265625, -0.0005289713541666661, 0.00121166087962963, -0.002427842881944444], [-0.003580729166666668, -0.0003662109374999998, -0.001668294270833333, -0.001564308449074074, 0.001220703125, 0.00020345052083333283, -0.007649739583333332, 0.003974066840277778, -0.001600477430555557, 0.0008906611689814814, -0.0038746021412037045, 0.0007203655478395055, -0.0017496744791666665, 0.001519097222222222, -0.002020941840277778, -0.0014829282407407404, -0.0023600260416666674, -0.002237955729166668, -0.00031195746527777797, 0.0005395206404320987, -0.004597981770833334, -0.0017361111111111114, 0.0032958984375, -0.0021339699074074078, 0.00403736255787037, -0.0013683931327160507, -0.0017391251929012347, 0.0024067443094135804, -0.001505533854166667, 0.0005967881944444444, 0.000510886863425927, -4.5211226851851185e-05], [-0.002020941840277778, -0.0014648437500000002, 0.004353841145833333, 0.0009765625, -0.00031647858796296307, 0.003160264756944445, 0.0007188585069444445, 0.00024414062500000043, -0.001302083333333333, 0.0028076171874999996, -0.002631293402777778, -0.004679361979166666, 0.004463855131172839, 0.0007731119791666674, -0.0021746600115740743, 0.0011121961805555557, -0.006691261574074073, 0.0042724609375, 0.002468532986111111, -0.008585611979166666, 0.0019410686728395066, -0.003757052951388889, -0.002237955729166667, 0.001383463541666666, -0.003390842013888889, -0.0006013093171296302, -0.002197265625, -0.001505533854166667, 0.0007068021797839719, -0.0015944492669753086, -0.0006359712577160524, -0.0017948857060185192], [0.003255208333333333, -0.0018581814236111114, -0.00390625, 0.002644856770833333, -0.005900065104166667, 0.0006600839120370374, 0.004231770833333334, 0.0007188585069444441, -0.0011800130208333326, -0.002224392361111111, -0.0028076171875000004, 0.002658420138888889, -0.0007550274884259261, -0.001838589891975309, -0.0008951822916666667, 0.001921477141203704, -0.002210828993055556, 0.004322193287037037, 0.006876627604166666, -0.0016004774305555555, -0.000881618923611111, 0.0011001398533950618, 0.0001898871527777782, 0.001180013020833333, -0.0007188585069444441, 0.0001265914351851851, -0.0005289713541666661, 0.0005967881944444444, -0.0015944492669753086, 0.001047393422067902, -0.00020345052083333218, -0.0003827883873456818], [-0.0030517578125, 0.007568359375, -0.0012071397569444445, -0.0004882812500000002, -0.0001220703125, 0.00024414062500000043, 0.00019892939814814795, -0.0002577039930555557, 0.0007052951388888887, -0.0010986328124999998, -0.000949435763888889, 0.0013427734374999996, 0.0009991681134259257, 0.0010850694444444445, 0.0010639708719135804, 0.0008816189236111114, -0.00043402777777777775, 0.006632486979166667, 0.005000361689814815, -0.003214518229166667, -0.0006646050347222222, 0.001085069444444444, 0.00040388695987654267, -0.0003933376736111119, -0.00019892939814814838, 0.002997504340277777, 0.00121166087962963, 0.000510886863425927, -0.0006359712577160524, -0.00020345052083333218, 0.001369900173611105, 0.0028272087191358024], [0.001708984375, 0.0006103515624999998, -0.0006510416666666667, -6.781684027777786e-05, 0.002766927083333334, 0.001505533854166667, -0.0008544921875000002, -0.0001265914351851851, 0.0035400390625000004, -0.0024685329861111114, 0.0035400390625000004, 0.0010579427083333335, -0.0007052951388888888, -0.0023916739004629624, -0.0012433087384259261, 0.0006751543209876536, -0.0016682942708333335, 0.0015190972222222225, 0.001369900173611111, -0.0022153501157407413, 0.00146484375, -0.000827365451388889, 0.00047471788194444406, -0.0007625626929012344, 0.003919813368055555, 0.0011845341435185184, -0.002427842881944444, -4.5211226851851185e-05, -0.0017948857060185192, -0.0003827883873456818, 0.0028272087191358024, 0.00046266155478394584]], "rho_imag": [[0.0, 0.24535831404320987, -0.05143831983024691, -0.12314633969907407, -0.051115813078703706, 0.01001880787037037, 0.020105432581018517, -0.008368598090277778, -0.055811752507716056, -0.008255570023148147, 0.02717194733796296, -0.010633680555555556, 0.002545392071759259, -0.007229275173611112, 0.011284722222222222, -0.009195963541666666, -0.04785156249999999, -0.007532190393518519, 0.02029079861111111, 0.004014756944444443, -0.0014512803819444445, -0.004326714409722222, -0.005235460069444443, 0.0068359375, -0.0027352792245370367, 0.0033501519097222225, -0.0014512803819444447, 0.0003662109375, 0.007120768229166666, -0.0031331380208333343, 0.005777994791666666, 0.000732421875], [-0.24535831404320987, 0.0, 0.10770218460648147, -0.017719786844135804, -0.013943142361111112, -0.020914713541666664, 0.006252712673611111, 0.00448043258101852, 0.018391927083333336, -0.022328317901234566, 0.001057942708333334, 0.00921404803240741, 0.003757052951388889, 0.0021113642939814816, -0.01114908854166667, -0.004177517361111111, 0.0020345052083333335, -0.015661168981481483, -0.003499348958333333, 0.007161458333333335, -0.006144205729166668, 0.00644259982638889, -0.003824869791666667, -0.0014919704861111114, -0.0032145182291666665, -0.0018129701967592594, 0.0010986328125, -0.0014512803819444445, -0.0030517578125000004, -0.0037841796875, 0.001953125, 0.0011393229166666672], [0.05143831983024691, -0.10770218460648147, 0.0, 0.07075255594135801, 0.02527759693287037, -0.003567165798611111, -0.013057002314814816, -0.0008861400462962963, 0.021375868055555556, 0.018120659722222224, -0.016912012924382713, -0.0022605613425925927, -0.007297092013888889, -0.005696614583333334, -0.00019440827546296296, -0.0011257595486111117, 0.02542679398148148, 0.011447482638888888, -0.009259259259259259, -0.0017541956018518518, -0.0015190972222222218, 0.003092447916666667, 0.0021023220486111114, -0.003919813368055556, -0.006252712673611112, 0.0018310546875000002, 0.004887333622685185, -0.007147894965277776, -0.002522786458333333, 0.002197265625, -0.008504231770833334, 0.0005289713541666665], [0.12314633969907407, 0.017719786844135804, -0.07075255594135801, 0.0, -0.002671983506944444, 0.013179072627314816, -0.003526475694444445, -0.004665798611111112, -0.012505425347222222, 0.011121961805555554, -0.002956814236111111, -0.009958526234567899, -0.009765625, 0.002794053819444444, 0.008558485243055556, 0.002952293113425926, -0.008707682291666668, 0.0061125578703703715, 0.007595486111111111, -0.005931712962962965, -0.003662109375, -0.002983940972222223, 0.0033772786458333335, -0.0036756727430555555, -0.0028076171875, 0.001397026909722222, 0.0015869140625, 0.0033682364004629624, 0.00341796875, 0.0016276041666666678, 0.00012207031249999989, 0.0040283203125], [0.051115813078703706, 0.013943142361111112, -0.02527759693287037, 0.002671983506944444, 0.0, 0.013153452932098759, 0.0013231819058641993, -0.007939091435185182, -0.0018220124421296298, -0.008422851562500002, -0.003797743055555556, -0.003743489583333333, -0.005075713734567902, -0.0010941116898148147, 0.0011845341435185181, 0.001654730902777778, -0.0010443793402777775, -0.0009087456597222225, 0.0008138020833333335, 0.002278645833333333, 0.0017089843749999996, -0.00034360532407407387, 0.001898871527777777, -0.0007052951388888888, 0.004923502604166667, -0.0103759765625, 0.0068359375, 0.00341796875, 0.0008183232060185184, -0.0026719835069444445, -0.0014512803819444445, 0.005981445312500001], [-0.01001880787037037, 0.020914713541666664, 0.003567165798611111, -0.013179072627314816, -0.013153452932098759, 0.0, 0.004213686342592591, -0.0012538580246913575, -0.004814995659722222, -0.007030345775462963, -0.0006510416666666667, 0.001898871527777777, -0.003038194444444443, -0.0010519145447530874, 0.001302083333333334, 0.0008047598379629624, -0.004787868923611111, -0.0025363498263888886, 0.001383463541666666, 0.003580729166666666, 0.007703993055555557, -0.002884476273148148, -0.005126953125, -0.0006510416666666664, -0.0042724609375, 0.0019938151041666665, 0.001220703125, -0.008056640625, 0.0034586588541666665, 0.00304271556712963, -0.0006103515624999991, 0.001966688368055556], [-0.020105432581018517, -0.006252712673611111, 0.013057002314814816, 0.003526475694444445, -0.0013231819058641993, -0.004213686342592591, 0.0, 0.004020785108024694, 0.009033203125, 0.005289713541666668, -0.005104347511574074, 0.005818684895833334, 0.001681857638888888, -0.002631293402777778, 0.0011091820987654323, -0.001609519675925926, 0.0004069010416666665, 0.004231770833333332, -0.0026448567708333335, -0.0009901258680555553, 0.0016095196759259248, 0.001681857638888889, -0.006465205439814813, -0.0036801938657407413, -0.004720052083333333, -0.00830078125, 0.0023193359375, 0.0059814453125, 0.0018853081597222225, 0.0020751953125, 0.0001401548032407404, 0.0005018446180555557], [0.008368598090277778, -0.00448043258101852, 0.0008861400462962963, 0.004665798611111112, 0.007939091435185182, 0.0012538580246913575, -0.004020785108024694, 0.0, 0.0017089843750000007, 0.003499348958333333, -0.0013156467013888888, 0.0033591941550925922, 0.001573350694444444, -0.0017361111111111119, 0.0016547309027777773, -0.0005636332947530865, 0.008219401041666666, 0.001546223958333333, -0.0019395616319444445, 0.0007459852430555553, -0.0004069010416666663, -0.0006148726851851849, -0.0020345052083333343, 0.001419632523148149, -0.001708984375, 0.006754557291666667, 0.0018310546875, -0.0025634765625, 0.0076904296875, -0.0007188585069444445, -0.0015055338541666665, -0.0020299840856481477], [0.055811752507716056, -0.018391927083333336, -0.021375868055555556, 0.012505425347222222, 0.0018220124421296298, 0.004814995659722222, -0.009033203125, -0.0017089843750000007, 0.0, 0.014120973186728409, -0.007040895061728392, -0.004087094907407406, -0.0010489004629629637, 0.0056242766203703715, -0.0015145760995370385, -0.006415473090277778, -0.00792552806712963, 0.013576931423611108, 0.002102322048611111, -0.004435221354166667, 0.009914822048611112, -0.0009358723958333336, 0.010172526041666668, -0.00146484375, -0.0027669270833333356, -0.007857711226851851, -0.0006239149305555566, 0.002956814236111112, -6.781684027777754e-05, 0.005357530381944444, 0.00013563368055555556, -0.0009765625], [0.008255570023148147, 0.022328317901234566, -0.018120659722222224, -0.011121961805555554, 0.008422851562500002, 0.007030345775462963, -0.005289713541666668, -0.003499348958333333, -0.014120973186728409, 0.0, 0.008228443287037035, -0.00017783082561728366, -0.001030815972222222, -0.003074363425925926, 0.0008816189236111117, 0.004507559317129629, -0.002536349826388889, 0.0002667462384259259, -0.008097330729166668, -0.001966688368055556, 0.0009358723958333327, -0.005221896701388888, 0.005615234375, -0.006673177083333333, 0.009521484375, 0.0014286747685185184, -0.0001627604166666676, 0.0004069010416666661, 0.001749674479166666, -0.0012885199652777778, 0.002522786458333333, 0.002414279513888889], [-0.02717194733796296, -0.001057942708333334, 0.016912012924382713, 0.002956814236111111, 0.003797743055555556, 0.0006510416666666667, 0.005104347511574074, 0.0013156467013888888, 0.007040895061728392, -0.008228443287037035, 0.0, 0.009003062307098764, -0.002852828414351853, 0.0011528862847222225, -0.003951461226851853, 0.0017180266203703706, 0.001152886284722222, -0.0047607421875, -0.0028528284143518514, -0.00505913628472222, 0.004475911458333334, 0.0009765625, -0.00668674045138889, 0.0017496744791666665, -0.0010760271990740754, 0.003716362847222223, -0.0013925057870370363, 0.0005244502314814821, 0.00043402777777777754, -0.004231770833333333, 0.0021837022569444445, -9.494357638888899e-05], [0.010633680555555556, -0.00921404803240741, 0.0022605613425925927, 0.009958526234567899, 0.003743489583333333, -0.001898871527777777, -0.005818684895833334, -0.0033591941550925922, 0.004087094907407406, 0.00017783082561728366, -0.009003062307098764, 0.0, -0.0026719835069444445, 0.0005108868634259264, 0.0010850694444444443, -0.00044307002314814903, 0.0047607421875, 0.000827365451388889, -0.0026177300347222225, 0.0019214771412037032, 0.000244140625, -0.002604166666666667, -0.005655924479166667, 0.004543728298611112, -2.168404344971009e-19, 0.0019079137731481477, -0.0018446180555555555, 0.0006329571759259255, 0.004150390625, 0.002387152777777778, 0.0005289713541666665, 0.0009629991319444445], [-0.002545392071759259, -0.003757052951388889, 0.007297092013888889, 0.009765625, 0.005075713734567902, 0.003038194444444443, -0.001681857638888888, -0.001573350694444444, 0.0010489004629629637, 0.001030815972222222, 0.002852828414351853, 0.0026719835069444445, 0.0, 0.005820191936728388, -0.003161771797839507, -0.003788700810185182, -0.002265082465277778, -0.0072021484375, -0.005696614583333334, -0.004638671875, 0.0023555049189814816, -0.004163953993055556, -0.004733615451388889, 0.006062825520833334, -0.0007459852430555554, -0.0016411675347222227, 0.00048828125, 0.001302083333333333, -0.0010579427083333352, 0.001609519675925926, 0.0005154079861111121, -0.0017632378472222222], [0.007229275173611112, -0.0021113642939814816, 0.005696614583333334, -0.002794053819444444, 0.0010941116898148147, 0.0010519145447530874, 0.002631293402777778, 0.0017361111111111119, -0.0056242766203703715, 0.003074363425925926, -0.0011528862847222225, -0.0005108868634259264, -0.005820191936728388, 0.0, 0.0010941116898148112, -0.0006932388117283968, 0.0003662109374999997, 0.0019666883680555555, 0.0009765625, 0.011149088541666666, 0.0005560980902777784, -0.003124095775462963, 0.001912434895833334, 0.003404405381944444, 0.0024549696180555555, -0.0019124348958333335, 0.000895182291666667, -0.00016276041666666641, -0.00043402777777777797, -0.0007685908564814816, 0.003092447916666666, 0.00040690104166666696], [-0.011284722222222222, 0.01114908854166667, 0.00019440827546296296, -0.008558485243055556, -0.0011845341435185181, -0.001302083333333334, -0.0011091820987654323, -0.0016547309027777773, 0.0015145760995370385, -0.0008816189236111117, 0.003951461226851853, -0.0010850694444444443, 0.003161771797839507, -0.0010941116898148112, 0.0, -0.0024444203317901276, -0.001627604166666667, 0.000244140625, 0.001966688368055555, 0.0023193359375, -0.0017768012152777784, -0.0006103515625, 0.0020571108217592596, -0.0003390842013888888, 0.0018717447916666667, -0.001139322916666666, -6.781684027777754e-05, 0.0021837022569444445, 0.0021249276620370376, -0.00018988715277777775, 0.00172706886574074, 0.0018536603009259261], [0.009195963541666666, 0.004177517361111111, 0.0011257595486111117, -0.002952293113425926, -0.001654730902777778, -0.0008047598379629624, 0.001609519675925926, 0.0005636332947530865, 0.006415473090277778, -0.004507559317129629, -0.0017180266203703706, 0.00044307002314814903, 0.003788700810185182, 0.0006932388117283968, 0.0024444203317901276, 0.0, 0.0029296875, -0.004313151041666666, 0.0006103515625000001, -0.0006374782986111111, 0.0006103515625, 0.0003390842013888886, -0.0024549696180555555, -0.0009810836226851849, -0.005452473958333333, -0.0013834635416666665, 0.00042046440972222225, 0.0016954210069444445, -0.0004882812500000002, -0.0012387876157407404, -0.000732421875, 0.00017180266203703672], [0.04785156249999999, -0.0020345052083333335, -0.02542679398148148, 0.008707682291666668, 0.0010443793402777775, 0.004787868923611111, -0.0004069010416666665, -0.008219401041666666, 0.00792552806712963, 0.002536349826388889, -0.001152886284722222, -0.0047607421875, 0.002265082465277778, -0.0003662109374999997, 0.001627604166666667, -0.0029296875, 0.0, 0.01564007040895062, 0.0002200279706790157, -0.004955150462962951, -0.0014105902777777784, 0.0010941116898148147, 0.0033411096643518505, -0.0008002387152777778, -0.006124614197530867, 0.0006419994212962972, 0.0053349247685185175, -0.0019259982638888899, -0.0013879846643518518, -0.002102322048611111, -0.0034450954861111114, 0.007405598958333333], [0.007532190393518519, 0.015661168981481483, -0.011447482638888888, -0.0061125578703703715, 0.0009087456597222225, 0.0025363498263888886, -0.004231770833333332, -0.001546223958333333, -0.013576931423611108, -0.0002667462384259259, 0.0047607421875, -0.000827365451388889, 0.0072021484375, -0.0019666883680555555, -0.000244140625, 0.004313151041666666, -0.01564007040895062, 0.0, 0.01338252314814814, -0.0020857445987654305, -0.003445095486111111, -0.00028935185185185184, -0.000990125868055555, 0.0005741825810185188, -0.001573350694444445, -0.002697603202160495, 0.002278645833333334, 0.0015371817129629633, 9.494357638888866e-05, 0.001433195891203704, 8.13802083333337e-05, 0.005506727430555555], [-0.02029079861111111, 0.003499348958333333, 0.009259259259259259, -0.007595486111111111, -0.0008138020833333335, -0.001383463541666666, 0.0026448567708333335, 0.0019395616319444445, -0.002102322048611111, 0.008097330729166668, 0.0028528284143518514, 0.0026177300347222225, 0.005696614583333334, -0.0009765625, -0.001966688368055555, -0.0006103515625000001, -0.0002200279706790157, -0.01338252314814814, 0.0, 0.00553084008487654, 0.004932544849537035, 0.0012342664930555557, 0.0005696614583333326, 0.00011754918981481534, 0.0026312934027777767, -0.006537543402777778, -0.00010247878086419929, 0.0012659143518518514, 0.004503038194444444, -0.0013020833333333346, -0.0002215350115740742, -0.0013699001736111119], [-0.004014756944444443, -0.007161458333333335, 0.0017541956018518518, 0.005931712962962965, -0.002278645833333333, -0.003580729166666666, 0.0009901258680555553, -0.0007459852430555553, 0.004435221354166667, 0.001966688368055556, 0.00505913628472222, -0.0019214771412037032, 0.004638671875, -0.011149088541666666, -0.0023193359375, 0.0006374782986111111, 0.004955150462962951, 0.0020857445987654305, -0.00553084008487654, 0.0, -0.004218207465277778, -0.005701135706018519, 0.002251519097222222, -0.0002622251157407417, 0.002224392361111111, 0.0026312934027777784, -0.001600477430555555, 0.00023208429783950612, 0.009765625, -0.003960503472222223, -0.002427842881944445, -0.0035852502893518523], [0.0014512803819444445, 0.006144205729166668, 0.0015190972222222218, 0.003662109375, -0.0017089843749999996, -0.007703993055555557, -0.0016095196759259248, 0.0004069010416666663, -0.009914822048611112, -0.0009358723958333327, -0.004475911458333334, -0.000244140625, -0.0023555049189814816, -0.0005560980902777784, 0.0017768012152777784, -0.0006103515625, 0.0014105902777777784, 0.003445095486111111, -0.004932544849537035, 0.004218207465277778, 0.0, 0.003216025270061724, -0.005503713348765432, 0.000226056134259257, 0.0006465205439814812, 0.005004882812500001, -0.004204644097222223, 0.00016276041666666674, -0.00139551986882716, -0.00033456307870370454, 0.0011574074074074073, -0.0008680555555555555], [0.004326714409722222, -0.00644259982638889, -0.003092447916666667, 0.002983940972222223, 0.00034360532407407387, 0.002884476273148148, -0.001681857638888889, 0.0006148726851851849, 0.0009358723958333336, 0.005221896701388888, -0.0009765625, 0.002604166666666667, 0.004163953993055556, 0.003124095775462963, 0.0006103515625, -0.0003390842013888886, -0.0010941116898148147, 0.00028935185185185184, -0.0012342664930555557, 0.005701135706018519, -0.003216025270061724, 0.0, -0.0022153501157407395, 0.0017933786651234576, 0.0027533637152777784, 0.002599645543981481, 0.0017903645833333337, 0.004421657986111111, -0.001844618055555556, -0.0013864776234567893, 0.0020345052083333335, 0.0002893518518518514], [0.005235460069444443, 0.003824869791666667, -0.0021023220486111114, -0.0033772786458333335, -0.001898871527777777, 0.005126953125, 0.006465205439814813, 0.0020345052083333343, -0.010172526041666668, -0.005615234375, 0.00668674045138889, 0.005655924479166667, 0.004733615451388889, -0.001912434895833334, -0.0020571108217592596, 0.0024549696180555555, -0.0033411096643518505, 0.000990125868055555, -0.0005696614583333326, -0.002251519097222222, 0.005503713348765432, 0.0022153501157407395, 0.0, 0.001353322723765437, 0.001627604166666667, -0.003011067708333333, 0.000944914641203704, -0.0007731119791666667, -0.0007866753472222221, 0.0024956597222222225, -0.001069999035493829, 0.0006148726851851851], [-0.0068359375, 0.0014919704861111114, 0.003919813368055556, 0.0036756727430555555, 0.0007052951388888888, 0.0006510416666666664, 0.0036801938657407413, -0.001419632523148149, 0.00146484375, 0.006673177083333333, -0.0017496744791666665, -0.004543728298611112, -0.006062825520833334, -0.003404405381944444, 0.0003390842013888888, 0.0009810836226851849, 0.0008002387152777778, -0.0005741825810185188, -0.00011754918981481534, 0.0002622251157407417, -0.000226056134259257, -0.0017933786651234576, -0.001353322723765437, 0.0, -0.0012207031249999996, -0.004882812500000001, -9.494357638888899e-05, -0.002961335358796296, 0.00018988715277777754, 0.0011664496