{"component": "left cheek", "line": [47, 46, 45, 44, 43], "fidelity_vs_ideal": 0.6754617310923159, "purity": 0.5768542403837581, "rho_real": [[0.12699833622685186, -0.14177336516203703, 0.13388099199459877, -0.08615903501157407, 0.030258367091049388, -0.011474609374999995, -0.007310655381944446, -0.006578233506944444, -0.01781925154320988, 0.009892216435185187, -0.014313874421296295, 0.002658420138888888, -0.007735640914351853, 0.006062825520833334, -0.007798936631944446, 0.002237955729166667, -0.018758138020833332, 0.014300311053240741, -0.010330765335648147, 0.008368598090277776, -0.007518627025462963, 0.0011528862847222203, -0.005113389756944443, 0.0013427734374999991, -0.0001265914351851855, -0.005669487847222222, -0.0006103515625000009, 0.00020345052083333174, 0.0017225477430555555, 0.005167643229166667, 0.0013020833333333335, 0.000732421875], [-0.14177336516203703, 0.22090506847993824, -0.18792046440972227, 0.1388723114390432, -0.061677155671296294, 0.023919753086419752, -0.009535047743055554, -0.0028076171875, 0.017297815393518517, -0.0044186439043209895, 0.016330295138888888, -0.003870081018518518, 0.020222981770833336, -0.006026656539351852, 0.005167643229166669, 0.005466037326388888, 0.019409179687499997, -0.014969437210648145, 0.017347547743055556, -0.012473777488425928, 0.022691514756944444, -0.0040464048032407395, 0.008748372395833332, -0.004706488715277778, 0.0024956597222222225, -0.00039785879629629676, 0.01778157552083333, -0.002644856770833333, -0.004842122395833333, -0.000637478298611111, 0.0009765625, 8.138020833333326e-05], [0.13388099199459877, -0.18792046440972227, 0.2063018422067901, -0.14098668981481483, 0.05317292390046296, -0.028089735243055563, -0.0003225067515432102, -0.002821180555555556, -0.008409288194444442, 0.020399305555555556, -0.02374192226080247, 0.006202980324074074, -0.019137912326388888, -0.00044759114583333283, -0.007274486400462963, -0.00020345052083333304, -0.016425238715277776, 0.011461046006944444, -0.018324110243055556, 0.013839156539351851, -0.01911078559027778, 0.0091552734375, -0.0033411096643518523, 0.007175021701388888, -0.011379665798611112, -0.0020751953125000004, 0.001501012731481481, 0.005886501736111111, 0.0007324218749999996, 0.000732421875, 0.003757052951388889, -0.004597981770833332], [-0.08615903501157407, 0.1388723114390432, -0.14098668981481483, 0.12167848186728394, -0.054158528645833336, 0.030929000289351853, -0.012279369212962962, 0.002833236882716049, -0.0015733506944444436, -0.00925021701388889, 0.011601200810185184, -0.008442443094135802, 0.015665690104166664, -0.002617730034722223, -0.0013427734374999991, 0.0007821542245370371, 0.0106201171875, -0.00571017795138889, 0.01487901475694444, -0.005692093460648149, 0.012166341145833332, 0.003919813368055556, 0.003160264756944444, -0.0014964916087962968, 0.014851888020833332, -0.002183702256944445, 0.006890190972222223, -0.001537181712962963, -0.0029296875, 0.0014648437499999996, 0.001993815104166667, -6.781684027777759e-05], [0.030258367091049388, -0.061677155671296294, 0.05317292390046296, -0.054158528645833336, 0.07384801793981481, -0.03962311921296296, 0.02635061005015433, -0.008549442997685185, 0.02260109230324074, -0.006171332465277778, -0.0006917317708333343, 4.069010416666674e-05, -0.006688247492283949, 0.0014286747685185188, -0.0065827546296296285, 0.002007378472222222, 0.0014422381365740739, 0.008856879340277778, -0.0021837022569444445, 0.007364908854166666, -0.006840458622685187, 0.0011167173032407406, -0.002762405960648148, 0.00047471788194444444, -0.006279839409722222, -0.001017252604166666, 0.00032552083333333304, -0.000244140625, 0.00014467592592592546, -0.0019259982638888886, -0.0016682942708333333, 0.0024007161458333335], [-0.011474609374999995, 0.023919753086419752, -0.028089735243055563, 0.030929000289351853, -0.03962311921296296, 0.030475380979938273, -0.021389431423611112, 0.009260766300154318, -0.022555881076388888, 0.006406430844907407, 0.004109700520833333, -0.00028483072916666674, 0.0030834056712962963, -0.001696928047839507, 0.003309461805555556, 0.0007685908564814816, -0.016859266493055556, -0.00023961950231481469, -0.0013427734375, -0.004055447048611111, 0.0067138671875, -0.0012613932291666665, -0.0008002387152777776, 0.005836769386574074, 0.004109700520833334, 0.0029161241319444445, 0.005859375, -0.002848307291666667, -0.0025499131944444445, -0.00028935185185185184, -0.004923502604166666, 0.0031331380208333335], [-0.007310655381944446, -0.009535047743055554, -0.0003225067515432102, -0.012279369212962962, 0.02635061005015433, -0.021389431423611112, 0.02641541280864198, -0.010678891782407402, 0.0157470703125, -0.004760742187499999, 0.006623444733796297, -0.00023057725694444493, -0.00018988715277777767, -0.004665798611111112, -0.0007294077932098754, 0.0009946469907407404, 0.006605360243055555, -0.006144205729166668, 0.003937897858796297, -0.005628797743055556, 0.0006917317708333337, 0.0029161241319444445, -0.004182038483796297, 0.0008183232060185186, -0.003987630208333334, 0.000244140625, -0.001478407118055556, -0.0024820963541666665, 0.004977756076388888, -0.0013427734375000004, -0.001808449074074074, 0.0027940538194444445], [-0.006578233506944444, -0.0028076171875, -0.002821180555555556, 0.002833236882716049, -0.008549442997685185, 0.009260766300154318, -0.010678891782407402, 0.014148099922839504, -0.0057373046875, -0.0024007161458333326, 0.005194769965277778, -0.005176685474537037, -0.003526475694444444, -0.0011935763888888886, -0.0026132089120370367, 0.002254533179012346, 0.004191080729166666, 0.0013156467013888881, 0.003323025173611111, -0.0026267722800925927, 0.0002848307291666669, -0.002916124131944445, 0.0010443793402777775, 0.0014512803819444445, 0.00048828125, -0.003255208333333333, 0.004597981770833333, -0.0025363498263888886, -0.004435221354166666, 0.0005018446180555555, 0.0037977430555555555, -0.00012659143518518504], [-0.01781925154320988, 0.017297815393518517, -0.008409288194444442, -0.0015733506944444436, 0.02260109230324074, -0.022555881076388888, 0.0157470703125, -0.0057373046875, 0.03452329282407408, -0.011583116319444444, 0.01107825761959877, -0.0007911964699073978, 0.0035023630401234554, 0.001329210069444444, 0.003350151909722222, 0.003431532118055554, 0.0067183883101851844, -0.002549913194444444, -0.006171332465277778, -0.003621419270833334, -0.0024820963541666665, 0.002400716145833333, -0.006591796875, 0.001708984375, -0.0032416449652777775, -0.000565140335648148, 0.004154911747685185, 0.00014919704861111134, -0.00231029369212963, -0.004218207465277778, 0.005954318576388889, 0.0001220703125], [0.009892216435185187, -0.0044186439043209895, 0.020399305555555556, -0.00925021701388889, -0.006171332465277778, 0.006406430844907407, -0.004760742187499999, -0.0024007161458333326, -0.011583116319444444, 0.007535204475308643, -0.004245334201388881, -0.0002064646026234615, -0.0018355758101851853, 0.0006902247299382706, 0.002102322048611111, -0.004028320312500001, -0.0019802517361111114, 0.0054705584490740726, 0.005330403645833334, 0.00790744357638889, -0.0022379557291666665, -0.0001220703125000001, 0.00537109375, 0.00146484375, 0.0017768012152777778, -0.0006465205439814812, -0.0006374782986111109, 0.0016863787615740732, -0.005628797743055555, 0.003928855613425926, -0.004679361979166667, 0.0005018446180555554], [-0.014313874421296295, 0.016330295138888888, -0.02374192226080247, 0.011601200810185184, -0.0006917317708333343, 0.004109700520833333, 0.006623444733796297, 0.005194769965277778, 0.01107825761959877, -0.004245334201388881, 0.014398268711419762, -0.005045572916666675, 0.0077356409143518505, 0.004218207465277776, 0.0016758294753086418, 0.00558810763888889, 0.002265082465277778, -0.010945638020833334, 0.0029748987268518514, 0.0005425347222222224, 0.00537109375, 0.007080078125, 0.0026448567708333335, 0.0009358723958333336, -0.007039388020833334, 0.00552029079861111, 0.00039333767361111047, -0.0015145760995370374, -0.0023464626736111106, 0.0001220703125, -0.0010624638310185188, 0.000339084201388889], [0.002658420138888888, -0.003870081018518518, 0.006202980324074074, -0.008442443094135802, 4.069010416666674e-05, -0.00028483072916666674, -0.00023057725694444493, -0.005176685474537037, -0.0007911964699073978, -0.0002064646026234615, -0.005045572916666675, 0.00994345582561728, -0.006876627604166667, -0.004254376446759259, 0.0011754918981481477, -0.0049883053626543225, -4.069010416666652e-05, 0.009345160590277778, 0.001437717013888889, 0.0038429542824074073, -0.0048828125, -0.006103515625000001, -0.004679361979166667, -0.0003662109374999995, 0.005004882812500001, -0.0005560980902777786, 0.002292209201388889, -0.0021656177662037032, 0.005574544270833333, -0.0008002387152777774, 0.0007188585069444441, -0.0003571686921296295], [-0.007735640914351853, 0.020222981770833336, -0.019137912326388888, 0.015665690104166664, -0.006688247492283949, 0.0030834056712962963, -0.00018988715277777767, -0.003526475694444444, 0.0035023630401234554, -0.0018355758101851853, 0.0077356409143518505, -0.006876627604166667, 0.011610243055555552, -0.004973234953703709, 0.0006615909529321031, 0.0006465205439814808, 0.0013427734375, -0.0021565755208333335, 0.009684244791666666, -0.004150390625, 0.004222728587962963, 0.0008680555555555554, 0.00042046440972222246, 4.0690104166666956e-05, 0.0013879846643518514, -0.001559787326388889, -0.004462348090277777, -0.000691731770833333, -0.00521285445601852, 0.0020390263310185184, -0.0016230830439814808, -0.001885308159722223], [0.006062825520833334, -0.006026656539351852, -0.00044759114583333283, -0.002617730034722223, 0.0014286747685185188, -0.001696928047839507, -0.004665798611111112, -0.0011935763888888886, 0.001329210069444444, 0.0006902247299382706, 0.004218207465277776, -0.004254376446759259, -0.004973234953703709, 0.00641396604938272, 0.002454969618055554, -0.0017798152970678986, 0.0008544921875000004, 0.0022379557291666665, 0.00146484375, -0.0017903645833333337, -0.001817491319444445, -0.0007685908564814814, 0.005574544270833334, -0.003078884548611111, 0.006415473090277778, -0.0004566333912037042, 0.0008544921875, 0.003431532118055556, 0.0003119574652777776, 0.0008002387152777784, -0.00023057725694444493, -0.0021384910300925927], [-0.007798936631944446, 0.005167643229166669, -0.007274486400462963, -0.0013427734374999991, -0.0065827546296296285, 0.003309461805555556, -0.0007294077932098754, -0.0026132089120370367, 0.003350151909722222, 0.002102322048611111, 0.0016758294753086418, 0.0011754918981481477, 0.0006615909529321031, 0.002454969618055554, 0.005916642554012344, 0.001401548032407409, 0.0016276041666666657, -0.003173828125, 0.005655924479166668, -0.002156575520833334, -0.0020480685763888886, 0.005900065104166667, -0.0024504484953703698, -0.002875434027777778, -0.002020941840277778, -0.006388346354166668, -0.0006736472800925928, 6.781684027777797e-05, 0.0025906032986111123, -9.49435763888892e-05, 0.0006465205439814821, -0.0007007740162037037], [0.002237955729166667, 0.005466037326388888, -0.00020345052083333304, 0.0007821542245370371, 0.002007378472222222, 0.0007685908564814816, 0.0009946469907407404, 0.002254533179012346, 0.003431532118055554, -0.004028320312500001, 0.00558810763888889, -0.0049883053626543225, 0.0006465205439814808, -0.0017798152970678986, 0.001401548032407409, -0.0008349006558641993, -0.00927734375, 0.0018717447916666667, -0.0030517578124999996, -0.0017496744791666665, 0.000691731770833333, -0.001803927951388889, 0.003553602430555556, -0.0023961950231481477, 0.001505533854166666, 0.000501844618055555, -0.004163953993055554, 0.0023645471643518514, -0.0014241536458333335, -0.0003662109375, -0.00031195746527777727, 0.0005289713541666671], [-0.018758138020833332, 0.019409179687499997, -0.016425238715277776, 0.0106201171875, 0.0014422381365740739, -0.016859266493055556, 0.006605360243055555, 0.004191080729166666, 0.0067183883101851844, -0.0019802517361111114, 0.002265082465277778, -4.069010416666652e-05, 0.0013427734375, 0.0008544921875000004, 0.0016276041666666657, -0.00927734375, 0.04138032889660494, -0.012197989004629626, 0.011042088638117287, -0.003612377025462959, 0.0007354359567901224, 0.0017632378472222238, -0.004082573784722225, 0.006117078993055556, -0.008297767168209876, 0.0011302806712962957, -0.0014286747685185186, 0.005343967013888889, -0.005402741608796297, -0.001668294270833334, 0.0022108289930555555, 0.004679361979166667], [0.014300311053240741, -0.014969437210648145, 0.011461046006944444, -0.00571017795138889, 0.008856879340277778, -0.00023961950231481469, -0.006144205729166668, 0.0013156467013888881, -0.002549913194444444, 0.0054705584490740726, -0.010945638020833334, 0.009345160590277778, -0.0021565755208333335, 0.0022379557291666665, -0.003173828125, 0.0018717447916666667, -0.012197989004629626, 0.005639347029320965, 0.0019938151041666652, 0.0006796754436728322, 0.00017180266203703541, -0.0001778308256172869, 0.003323025173611111, 0.0013970269097222238, 0.00039785879629629676, -0.0035777150848765454, -0.0014919704861111106, -0.003191912615740741, 0.002400716145833334, 0.0008635344328703706, -0.001180013020833333, -0.002590603298611112], [-0.010330765335648147, 0.017347547743055556, -0.018324110243055556, 0.01487901475694444, -0.0021837022569444445, -0.0013427734375, 0.003937897858796297, 0.003323025173611111, -0.006171332465277778, 0.005330403645833334, 0.0029748987268518514, 0.001437717013888889, 0.009684244791666666, 0.00146484375, 0.005655924479166668, -0.0030517578124999996, 0.011042088638117287, 0.0019938151041666652, 0.00812596450617284, -0.002459490740740738, 0.010448314525462958, 0.001207139756944444, -0.0020134066358024694, 0.004720052083333334, -0.0008951822916666666, -0.0032823350694444436, 0.0020013503086419755, 0.003951461226851851, 0.0004747178819444445, 0.003946940104166668, 0.0022198712384259257, -0.0020751953125], [0.008368598090277776, -0.012473777488425928, 0.013839156539351851, -0.005692093460648149, 0.007364908854166666, -0.004055447048611111, -0.005628797743055556, -0.0026267722800925927, -0.003621419270833334, 0.00790744357638889, 0.0005425347222222224, 0.0038429542824074073, -0.004150390625, -0.0017903645833333337, -0.002156575520833334, -0.0017496744791666665, -0.003612377025462959, 0.0006796754436728322, -0.002459490740740738, 0.006854021990740741, -0.004191080729166668, -0.0030065465856481503, 0.0015552662037037028, 0.0003827883873456794, -0.004096137152777776, -0.0022243923611111106, -9.042245370370367e-05, -0.00016878858024691325, 0.002482096354166666, -0.0020480685763888877, -0.0006103515625, 0.00018536603009259266], [-0.007518627025462963, 0.022691514756944444, -0.01911078559027778, 0.012166341145833332, -0.006840458622685187, 0.0067138671875, 0.0006917317708333337, 0.0002848307291666669, -0.0024820963541666665, -0.0022379557291666665, 0.00537109375, -0.0048828125, 0.004222728587962963, -0.001817491319444445, -0.0020480685763888886, 0.000691731770833333, 0.0007354359567901224, 0.00017180266203703541, 0.010448314525462958, -0.004191080729166668, 0.0059708960262345595, -5.42534722222255e-05, 0.0016562379436728444, 0.0014060691550925918, 0.0011709707754629633, 0.0002577039930555555, -0.0040283203125, -0.006795247395833332, -0.0019410686728395057, -0.0029387297453703698, -0.000370732060185185, -0.0036078559027777775], [0.0011528862847222203, -0.0040464048032407395, 0.0091552734375, 0.003919813368055556, 0.0011167173032407406, -0.0012613932291666665, 0.0029161241319444445, -0.002916124131944445, 0.002400716145833333, -0.0001220703125000001, 0.007080078125, -0.006103515625000001, 0.0008680555555555554, -0.0007685908564814814, 0.005900065104166667, -0.001803927951388889, 0.0017632378472222238, -0.0001778308256172869, 0.001207139756944444, -0.0030065465856481503, -5.42534722222255e-05, 0.001244815779320993, 0.000556098090277778, -0.0014904634452160455, -0.0008273654513888899, 0.001252350983796296, -0.003702799479166668, 0.004679361979166666, -0.0029116030092592587, 0.001531153549382716, -0.001329210069444444, 0.001609519675925926], [-0.005113389756944443, 0.008748372395833332, -0.0033411096643518523, 0.003160264756944444, -0.002762405960648148, -0.0008002387152777776, -0.004182038483796297, 0.0010443793402777775, -0.006591796875, 0.00537109375, 0.0026448567708333335, -0.004679361979166667, 0.00042046440972222246, 0.005574544270833334, -0.0024504484953703698, 0.003553602430555556, -0.004082573784722225, 0.003323025173611111, -0.0020134066358024694, 0.0015552662037037028, 0.0016562379436728444, 0.000556098090277778, 0.0049430941358024755, -0.0012207031249999965, -0.0020751953125, 0.00012207031250000022, 0.00016728153935185184, -0.000637478298611111, -0.0009765625000000004, 0.0004611545138888881, 5.7267554012345716e-05, -0.0007685908564814812], [0.0013427734374999991, -0.004706488715277778, 0.007175021701388888, -0.0014964916087962968, 0.00047471788194444444, 0.005836769386574074, 0.0008183232060185186, 0.0014512803819444445, 0.001708984375, 0.00146484375, 0.0009358723958333336, -0.0003662109374999995, 4.0690104166666956e-05, -0.003078884548611111, -0.002875434027777778, -0.0023961950231481477, 0.006117078993055556, 0.0013970269097222238, 0.004720052083333334, 0.0003827883873456794, 0.0014060691550925918, -0.0014904634452160455, -0.0012207031249999965, -0.00047019675925925875, -0.0008544921875, 0.0027262369791666674, -0.002373589409722223, 0.0017135054976851849, 0.001274956597222222, 0.004367404513888889, 0.0024594907407407413, 0.0005455488040123457], [-0.0001265914351851855, 0.0024956597222222225, -0.011379665798611112, 0.014851888020833332, -0.006279839409722222, 0.004109700520833334, -0.003987630208333334, 0.00048828125, -0.0032416449652777775, 0.0017768012152777778, -0.007039388020833334, 0.005004882812500001, 0.0013879846643518514, 0.006415473090277778, -0.002020941840277778, 0.001505533854166666, -0.008297767168209876, 0.00039785879629629676, -0.0008951822916666666, -0.004096137152777776, 0.0011709707754629633, -0.0008273654513888899, -0.0020751953125, -0.0008544921875, 0.006034191743827168, -0.001094111689814806, 0.000544041763117285, -0.0019033926504629607, 0.001268928433641975, 0.0020345052083333343, -0.0018853081597222225, -0.0024278428819444445], [-0.005669487847222222, -0.00039785879629629676, -0.0020751953125000004, -0.002183702256944445, -0.001017252604166666, 0.0029161241319444445, 0.000244140625, -0.003255208333333333, -0.000565140335648148, -0.0006465205439814812, 0.00552029079861111, -0.0005560980902777786, -0.001559787326388889, -0.0004566333912037042, -0.006388346354166668, 0.000501844618055555, 0.0011302806712962957, -0.0035777150848765454, -0.0032823350694444436, -0.0022243923611111106, 0.0002577039930555555, 0.001252350983796296, 0.00012207031250000022, 0.0027262369791666674, -0.001094111689814806, 0.002067660108024713, -0.004109700520833333, 0.001900378568672834, -0.0006962528935185197, -0.0023027584876543212, 0.0022650824652777784, 0.0005018446180555559], [-0.0006103515625000009, 0.01778157552083333, 0.001501012731481481, 0.006890190972222223, 0.00032552083333333304, 0.005859375, -0.001478407118055556, 0.004597981770833333, 0.004154911747685185, -0.0006374782986111109, 0.00039333767361111047, 0.002292209201388889, -0.004462348090277777, 0.0008544921875, -0.0006736472800925928, -0.004163953993055554, -0.0014286747685185186, -0.0014919704861111106, 0.0020013503086419755, -9.042245370370367e-05, -0.0040283203125, -0.003702799479166668, 0.00016728153935185184, -0.002373589409722223, 0.000544041763117285, -0.004109700520833333, 0.003342616705246923, 7.233796296295981e-05, -0.00308792679398148, -0.002617730034722222, -0.0010458863811728387, -0.003309461805555555], [0.00020345052083333174, -0.002644856770833333, 0.005886501736111111, -0.001537181712962963, -0.000244140625, -0.002848307291666667, -0.0024820963541666665, -0.0025363498263888886, 0.00014919704861111134, 0.0016863787615740732, -0.0015145760995370374, -0.0021656177662037032, -0.000691731770833333, 0.003431532118055556, 6.781684027777797e-05, 0.0023645471643518514, 0.005343967013888889, -0.003191912615740741, 0.003951461226851851, -0.00016878858024691325, -0.006795247395833332, 0.004679361979166666, -0.000637478298611111, 0.0017135054976851849, -0.0019033926504629607, 0.001900378568672834, 7.233796296295981e-05, 0.0005334924768518479, -0.0008544921874999996, 0.0025001808449074086, 0.0011754918981481482, 0.0009705343364197531], [0.0017225477430555555, -0.004842122395833333, 0.0007324218749999996, -0.0029296875, 0.00014467592592592546, -0.0025499131944444445, 0.004977756076388888, -0.004435221354166666, -0.00231029369212963, -0.005628797743055555, -0.0023464626736111106, 0.005574544270833333, -0.00521285445601852, 0.0003119574652777776, 0.0025906032986111123, -0.0014241536458333335, -0.005402741608796297, 0.002400716145833334, 0.0004747178819444445, 0.002482096354166666, -0.0019410686728395057, -0.0029116030092592587, -0.0009765625000000004, 0.001274956597222222, 0.001268928433641975, -0.0006962528935185197, -0.00308792679398148, -0.0008544921874999996, 0.001838589891975313, 0.002423321759259262, 0.00038128134645061713, -0.0007911964699074073], [0.005167643229166667, -0.000637478298611111, 0.000732421875, 0.0014648437499999996, -0.0019259982638888886, -0.00028935185185185184, -0.0013427734375000004, 0.0005018446180555555, -0.004218207465277778, 0.003928855613425926, 0.0001220703125, -0.0008002387152777774, 0.0020390263310185184, 0.0008002387152777784, -9.49435763888892e-05, -0.0003662109375, -0.001668294270833334, 0.0008635344328703706, 0.003946940104166668, -0.0020480685763888877, -0.0029387297453703698, 0.001531153549382716, 0.0004611545138888881, 0.004367404513888889, 0.0020345052083333343, -0.0023027584876543212, -0.002617730034722222, 0.0025001808449074086, 0.002423321759259262, 0.00045814043209877267, -0.0013156467013888864, 0.0008153091242283951], [0.0013020833333333335, 0.0009765625, 0.003757052951388889, 0.001993815104166667, -0.0016682942708333333, -0.004923502604166666, -0.001808449074074074, 0.0037977430555555555, 0.005954318576388889, -0.004679361979166667, -0.0010624638310185188, 0.0007188585069444441, -0.0016230830439814808, -0.00023057725694444493, 0.0006465205439814821, -0.00031195746527777727, 0.0022108289930555555, -0.001180013020833333, 0.0022198712384259257, -0.0006103515625, -0.000370732060185185, -0.001329210069444444, 5.7267554012345716e-05, 0.0024594907407407413, -0.0018853081597222225, 0.0022650824652777784, -0.0010458863811728387, 0.0011754918981481482, 0.00038128134645061713, -0.0013156467013888864, 0.0006661120756172902, -0.002432364004629626], [0.000732421875, 8.138020833333326e-05, -0.004597981770833332, -6.781684027777759e-05, 0.0024007161458333335, 0.0031331380208333335, 0.0027940538194444445, -0.00012659143518518504, 0.0001220703125, 0.0005018446180555554, 0.000339084201388889, -0.0003571686921296295, -0.001885308159722223, -0.0021384910300925927, -0.0007007740162037037, 0.0005289713541666671, 0.004679361979166667, -0.002590603298611112, -0.0020751953125, 0.00018536603009259266, -0.0036078559027777775, 0.001609519675925926, -0.0007685908564814812, 0.0005455488040123457, -0.0024278428819444445, 0.0005018446180555559, -0.003309461805555555, 0.0009705343364197531, -0.0007911964699074073, 0.0008153091242283951, -0.002432364004629626, 0.0010941116898148216]], "rho_imag": [[0.0, 0.026208948206018517, -0.04221372251157407, 0.053123191550925916, -0.07447645399305555, 0.04504846643518519, -0.02587890624999999, 0.008477105034722215, -0.04128086419753086, 0.0018672236689814834, -0.0008770978009259227, -0.007229275173611112, -0.001718026620370371, 0.006008572048611111, 0.0017632378472222222, 0.007039388020833333, -0.015118634259259257, -0.005203812210648149, -0.005470558449074075, 0.003350151909722222, 0.001668294270833334, 0.0018717447916666674, -0.00619845920138889, 0.00244140625, 0.011931242766203705, 0.0013292100694444438, 0.008463541666666668, 0.011433919270833332, -0.007337782118055556, -0.001057942708333334, 0.003580729166666667, -0.0028076171875], [-0.026208948206018517, 0.0, 0.023753978587962965, -0.03061252170138888, 0.09075701678240738, -0.06225133825231481, 0.04111056857638889, -0.01752387152777778, 0.058290834780092594, -0.011974946952160495, 0.012898763020833336, -0.0005244502314814829, 0.0045166015625, -0.00028030960648148164, -0.004842122395833334, -0.0013292100694444445, 0.023758499710648147, -0.0023057725694444454, 0.009263780381944444, 0.007767288773148149, -0.006103515625000001, 0.0040283203125, 0.0011393229166666665, 0.00527615017361111, -0.017252604166666664, 0.0021384910300925927, -0.003133138020833333, -0.008382161458333332, 0.0013020833333333335, 0.005113389756944444, -0.0062255859375, -0.0003255208333333335], [0.04221372251157407, -0.023753978587962965, 0.0, 0.03563096788194445, -0.07496021412037038, 0.04892306857638889, -0.041562680844907406, 0.011492693865740738, -0.054090711805555546, 0.004733615451388892, -0.006911289544753086, -0.004154911747685184, 0.004584418402777777, -0.0098876953125, 0.003978587962962963, -0.008639865451388888, -0.030183015046296294, 0.011162651909722222, -0.003219039351851852, 0.001984772858796295, 0.004136827256944444, -0.008789062500000002, 0.009507921006944442, -0.006022135416666666, 0.014838324652777776, -0.0010172526041666665, 0.0032235604745370367, 0.003038194444444445, 0.0012207031250000004, -0.0059814453125, -0.000908745659722222, -0.0010579427083333335], [-0.053123191550925916, 0.03061252170138888, -0.03563096788194445, 0.0, 0.04900444878472222, -0.03909866898148149, 0.027307581018518514, -0.014743381076388888, 0.04319932725694444, -0.010281032986111112, 0.013368959780092591, -0.005003375771604938, 0.004272460937499999, 0.005072699652777778, -0.007853190104166668, 0.004276982060185185, 0.03004286024305556, -0.007071035879629629, 0.01716670283564815, -0.003155743634259259, -0.0017903645833333335, 0.002427842881944445, -0.004557291666666666, -0.004408094618055556, -0.013793945312500002, 0.0015733506944444445, -0.003336588541666667, -0.0011980975115740734, -0.0020751953125, -0.0017089843749999996, 0.0008138020833333336, 0.0022650824652777775], [0.07447645399305555, -0.09075701678240738, 0.07496021412037038, -0.04900444878472222, 0.0, 0.006252712673611108, -0.009733977141203703, -0.0001265914351851827, -0.02955005787037037, 0.012898763020833334, -0.015299479166666664, 0.008829752604166666, -0.01555567611882716, 0.007509584780092593, -0.005027488425925926, 0.00042046440972222225, -0.019183123553240745, 0.012207031250000003, -0.010999891493055554, 0.007568359375, -0.0016185619212962968, 0.0035038700810185192, 0.007170500578703703, -0.002997504340277778, 0.001668294270833333, -0.001302083333333334, 0.0013834635416666665, -0.0050048828125, 0.00013111255787037022, 0.001898871527777777, -0.0030924479166666665, -0.006632486979166665], [-0.04504846643518519, 0.06225133825231481, -0.04892306857638889, 0.03909866898148149, -0.006252712673611108, 0.0, 0.005823206018518519, -0.013595015914351853, 0.008585611979166666, -0.0006600839120370371, 0.0052490234375, 0.001627604166666667, 0.006533022280092594, 0.0010006751543209862, -0.0027262369791666652, 0.002812138310185185, 0.017469618055555556, -0.00526710792824074, 0.012288411458333336, 0.003729926215277778, 0.01114456741898148, -0.002803096064814815, -0.0026177300347222225, -0.004982277199074074, 0.009033203124999998, 0.005167643229166666, -0.0040283203125, 0.004313151041666666, 0.003662109375, -0.0013608579282407404, -0.005086263020833335, 0.005940755208333333], [0.02587890624999999, -0.04111056857638889, 0.041562680844907406, -0.027307581018518514, 0.009733977141203703, -0.005823206018518519, 0.0, 0.002165617766203703, -0.00043402777777777797, -0.002400716145833333, 0.0015371817129629629, 0.0026448567708333335, -0.011420355902777778, 0.004082573784722224, -0.0036470389660493833, 0.0009991681134259266, 0.007039388020833333, 0.006591796875, -0.0017406322337962963, -0.002360026041666667, -0.006962528935185185, 0.002210828993055555, -0.0036078559027777775, 0.0025544343171296294, 0.0006510416666666665, -0.0062255859375, 0.00028483072916666696, -0.002766927083333333, 0.001980251736111111, -0.001017252604166666, 0.0018400969328703713, -0.003228081597222222], [-0.008477105034722215, 0.01752387152777778, -0.011492693865740738, 0.014743381076388888, 0.0001265914351851827, 0.013595015914351853, -0.002165617766203703, 0.0, -0.0007731119791666667, 0.001193576388888889, -0.0003662109374999997, -0.001962167245370371, 0.003323025173611112, 0.00244140625, 0.0034405743634259257, 0.0008107880015432091, 0.008219401041666666, -0.012573242187500002, 0.003553602430555556, -0.0024730541087962968, -0.0007188585069444448, 0.005407262731481482, -0.007817021122685185, 0.004267939814814815, 0.0069580078125, 0.0035807291666666652, -0.001708984375, -0.0025634765624999996, -0.003540039062500001, 0.0009223090277777771, -0.0019531249999999996, 0.001812970196759259], [0.04128086419753086, -0.058290834780092594, 0.054090711805555546, -0.04319932725694444, 0.02955005787037037, -0.008585611979166666, 0.00043402777777777797, 0.0007731119791666667, 0.0, 0.007156937210648147, -0.002436885127314814, -0.003219039351851853, -0.007952654803240738, 0.003761574074074074, -5.425347222222203e-05, -0.0012885199652777788, 0.0030517578125, 0.0002983940972222203, -0.003309461805555555, 0.009643554687500002, -0.009752061631944444, -0.002360026041666667, -0.002197265625, -0.0013427734375, -0.007821542245370372, 0.00041142216435185227, 0.003372757523148147, -0.0008002387152777763, 0.007853190104166666, 0.0012207031250000007, 0.002509223090277777, 0.005371093749999999], [-0.0018672236689814834, 0.011974946952160495, -0.004733615451388892, 0.010281032986111112, -0.012898763020833334, 0.0006600839120370371, 0.002400716145833333, -0.001193576388888889, -0.007156937210648147, 0.0, -0.008336950231481483, -0.002934208622685185, 0.005741825810185187, -0.0011528862847222255, -0.0010443793402777784, 0.00048828125, 0.004991319444444444, -6.781684027777775e-05, 0.005167643229166667, -0.004041883680555555, -0.0006510416666666668, 0.0026991102430555555, 0.0020751953125, 0.002197265625, -0.0005741825810185166, 0.00032552083333333304, -0.003838433159722221, -0.0022696035879629633, -0.004801432291666665, 0.0006103515624999996, 0.0001627604166666661, -0.002617730034722222], [0.0008770978009259227, -0.012898763020833336, 0.006911289544753086, -0.013368959780092591, 0.015299479166666664, -0.0052490234375, -0.0015371817129629629, 0.0003662109374999997, 0.002436885127314814, 0.008336950231481483, 0.0, -0.0018129701967592605, -0.009205005787037037, 0.006930881076388888, -0.005746346932870374, 0.0024323640046296294, 0.0021972656249999996, 0.0038655598958333326, -0.00017632378472222227, 0.007378472222222221, 0.003255208333333333, 0.0032958984375, -0.0005560980902777778, -0.002360026041666666, -0.002785011574074075, 0.003919813368055556, 0.0002803096064814812, 0.0025544343171296302, -0.0001763237847222229, 0.001953125, -0.0026991102430555546, -0.002278645833333334], [0.007229275173611112, 0.0005244502314814829, 0.004154911747685184, 0.005003375771604938, -0.008829752604166666, -0.001627604166666667, -0.0026448567708333335, 0.001962167245370371, 0.003219039351851853, 0.002934208622685185, 0.0018129701967592605, 0.0, 0.004570855034722222, 0.0009403935185185179, 0.0002350983796296298, 0.0013246889467592587, 0.0037841796875, 0.0024414062500000004, -0.004041883680555555, -0.006388346354166666, 0.0023193359375, -0.00016276041666666717, -0.0011393229166666665, 0.0016411675347222222, 0.00017632378472222203, -0.0005063657407407413, -0.0001672815393518501, -0.002369068287037037, 0.00016276041666666663, 0.002997504340277778, 0.0021158854166666665, 0.0001491970486111107], [0.001718026620370371, -0.0045166015625, -0.004584418402777777, -0.004272460937499999, 0.01555567611882716, -0.006533022280092594, 0.011420355902777778, -0.003323025173611112, 0.007952654803240738, -0.005741825810185187, 0.009205005787037037, -0.004570855034722222, 0.0, 0.00022153501157407387, -0.00798882378472222, 0.008635344328703703, -0.0020480685763888886, -0.00016276041666666685, 0.005533854166666668, 0.0101318359375, -0.002888997395833333, 0.002495659722222222, -0.000542534722222222, -0.0020751953125, -0.00041142216435185173, 0.0011393229166666663, 0.0022650824652777784, 0.0007324218749999999, 0.0011212384259259255, -0.0012975622106481477, -0.0036801938657407417, -0.0012885199652777784], [-0.006008572048611111, 0.00028030960648148164, 0.0098876953125, -0.005072699652777778, -0.007509584780092593, -0.0010006751543209862, -0.004082573784722224, -0.00244140625, -0.003761574074074074, 0.0011528862847222255, -0.006930881076388888, -0.0009403935185185179, -0.00022153501157407387, 0.0, 0.0040057146990740726, 0.0033953631365740756, 0.0013834635416666665, 0.0027533637152777775, -0.0006103515625, -0.008626302083333332, -0.0011121961805555557, 0.0006646050347222225, -0.003133138020833333, 0.0011664496527777775, -0.0007595486111111114, -0.0003300419560185188, -0.005289713541666668, -0.0005832248263888888, -0.003748010706018519, -0.0004973234953703704, -0.00204806857638889, 0.0023961950231481477], [-0.0017632378472222222, 0.004842122395833334, -0.003978587962962963, 0.007853190104166668, 0.005027488425925926, 0.0027262369791666652, 0.0036470389660493833, -0.0034405743634259257, 5.425347222222203e-05, 0.0010443793402777784, 0.005746346932870374, -0.0002350983796296298, 0.00798882378472222, -0.0040057146990740726, 0.0, 0.002156575520833333, -0.002685546875, 0.0020751953125, 0.0038926866319444445, 0.0013020833333333333, -0.0015462239583333335, -0.0005289713541666667, 0.002671983506944444, -0.007025824652777778, -0.007690429687500001, 0.0026855468750000004, -0.00331398292824074, 0.0017089843749999993, 0.00269458912037037, -0.003078884548611112, 0.00021701388888888915, -0.0014331958912037037], [-0.007039388020833333, 0.0013292100694444445, 0.008639865451388888, -0.004276982060185185, -0.00042046440972222225, -0.002812138310185185, -0.0009991681134259266, -0.0008107880015432091, 0.0012885199652777788, -0.00048828125, -0.0024323640046296294, -0.0013246889467592587, -0.008635344328703703, -0.0033953631365740756, -0.002156575520833333, 0.0, -0.0081787109375, 0.005615234375, -0.002522786458333333, -0.002536349826388889, 0.0008544921874999999, -0.0027669270833333335, -0.0003797743055555555, -0.0007731119791666665, -0.0015462239583333335, 0.005900065104166667, -0.002468532986111112, 0.0026267722800925922, -0.0012885199652777797, -0.0018627025462962963, 0.003820348668981481, -0.0001537181712962966], [0.015118634259259257, -0.023758499710648147, 0.030183015046296294, -0.03004286024305556, 0.019183123553240745, -0.017469618055555556, -0.007039388020833333, -0.008219401041666666, -0.0030517578125, -0.004991319444444444, -0.0021972656249999996, -0.0037841796875, 0.0020480685763888886, -0.0013834635416666665, 0.002685546875, 0.0081787109375, 0.0, 0.01042118778935185, -0.008323386863425925, 0.009177879050925925, -0.00794361255787037, 0.002378110532407407, -0.005072699652777778, 0.008314344618055556, -0.005356023341049383, 0.0060718677662037045, -0.001962167245370369, 0.007093641493055555, 0.0031919126157407395, 0.0008002387152777772, -0.0023871527777777775, -0.0017496744791666663], [0.005203812210648149, 0.0023057725694444454, -0.011162651909722222, 0.007071035879629629, -0.012207031250000003, 0.00526710792824074, -0.006591796875, 0.012573242187500002, -0.0002983940972222203, 6.781684027777775e-05, -0.0038655598958333326, -0.0024414062500000004, 0.00016276041666666685, -0.0027533637152777775, -0.0020751953125, -0.005615234375, -0.01042118778935185, 0.0, 0.00878002025462963, -0.010394061053240741, -0.0013382523148148199, -0.0012523509837963024, -0.004787868923611111, -0.003553602430555554, 0.003250687210648151, -0.0026885609567901224, 0.0010172526041666667, -0.003237123842592591, -0.004435221354166668, 0.0007233796296296298, -0.001912434895833333, 0.002821180555555556], [0.005470558449074075, -0.009263780381944444, 0.003219039351851852, -0.01716670283564815, 0.010999891493055554, -0.012288411458333336, 0.0017406322337962963, -0.003553602430555556, 0.003309461805555555, -0.005167643229166667, 0.00017632378472222227, 0.004041883680555555, -0.005533854166666668, 0.0006103515625, -0.0038926866319444445, 0.002522786458333333, 0.008323386863425925, -0.00878002025462963, 0.0, -0.004462348090277775, -0.008852358217592594, 0.004977756076388888, -0.007581922743055559, 0.005117910879629626, -0.00396050347222222, 0.005710177951388887, -0.00576292438271605, 0.003142180266203703, 0.00010850694444444471, 0.002807617187499999, 0.002866391782407407, -0.00017632378472222225], [-0.003350151909722222, -0.007767288773148149, -0.001984772858796295, 0.003155743634259259, -0.007568359375, -0.003729926215277778, 0.002360026041666667, 0.0024730541087962968, -0.009643554687500002, 0.004041883680555555, -0.007378472222222221, 0.006388346354166666, -0.0101318359375, 0.008626302083333332, -0.0013020833333333333, 0.002536349826388889, -0.009177879050925925, 0.010394061053240741, 0.004462348090277775, 0.0, 0.0009901258680555555, 0.00031647858796296285, 0.00047923900462962547, 0.0016592520254629607, 0.004625108506944446, -0.001166449652777777, 0.004064489293981482, -0.0008710696373456798, 0.0052490234375, -0.0018446180555555557, 0.001749674479166667, -0.00269458912037037], [-0.001668294270833334, 0.006103515625000001, -0.004136827256944444, 0.0017903645833333335, 0.0016185619212962968, -0.01114456741898148, 0.006962528935185185, 0.0007188585069444448, 0.009752061631944444, 0.0006510416666666668, -0.003255208333333333, -0.0023193359375, 0.002888997395833333, 0.0011121961805555557, 0.0015462239583333335, -0.0008544921874999999, 0.00794361255787037, 0.0013382523148148199, 0.008852358217592594, -0.0009901258680555555, 0.0, 0.0025092230902777762, -0.0008544921875, 0.002803096064814816, -0.0038610387731481486, -0.001749674479166666, 0.002685546875, -0.002400716145833334, 0.0014889564043209886, -0.0017948857060185184, 0.0030020254629629624, 9.494357638888964e-05], [-0.0018717447916666674, -0.0040283203125, 0.008789062500000002, -0.002427842881944445, -0.0035038700810185192, 0.002803096064814815, -0.002210828993055555, -0.005407262731481482, 0.002360026041666667, -0.0026991102430555555, -0.0032958984375, 0.00016276041666666717, -0.002495659722222222, -0.0006646050347222225, 0.0005289713541666667, 0.0027669270833333335, -0.002378110532407407, 0.0012523509837963024, -0.004977756076388888, -0.00031647858796296285, -0.0025092230902777762, 0.0, -0.0026403356481481464, 0.0014693648726851844, -0.0036214192708333335, 0.0025679976851851853, -0.0030517578125, -0.002360026041666667, -0.0008183232060185201, -0.001431688850308642, 0.0010172526041666676, -0.0015281394675925918], [0.00619845920138889, -0.0011393229166666665, -0.009507921006944442, 0.004557291666666666, -0.007170500578703703, 0.0026177300347222225, 0.0036078559027777775, 0.007817021122685185, 0.002197265625, -0.0020751953125, 0.0005560980902777778, 0.0011393229166666665, 0.000542534722222222, 0.003133138020833333, -0.002671983506944444, 0.0003797743055555555, 0.005072699652777778, 0.004787868923611111, 0.007581922743055559, -0.00047923900462962547, 0.0008544921875, 0.0026403356481481464, 0.0, 0.001134801793981479, 0.001274956597222222, 0.002970377604166667, 0.0003707320601851849, -0.0012613932291666665, 0.002577039930555556, -0.0017768012152777769, 0.00010549286265432254, -0.0013066044560185175], [-0.00244140625, -0.00527615017361111, 0.006022135416666666, 0.004408094618055556, 0.002997504340277778, 0.004982277199074074, -0.0025544343171296294, -0.004267939814814815, 0.0013427734375, -0.002197265625, 0.002360026041666666, -0.0016411675347222222, 0.0020751953125, -0.0011664496527777775, 0.007025824652777778, 0.0007731119791666665, -0.008314344618055556, 0.003553602430555554, -0.005117910879629626, -0.0016592520254629607, -0.002803096064814816, -0.0014693648726851844, -0.001134801793981479, 0.0, -0.004191080729166666, -0.000515407986111111, 0.0010986328125000004, -0.00019892939814814903, -0.002048068576388888, -0.00016276041666666522, -0.0011438440393