{"component": "right cheek", "line": [53, 54, 55, 59, 75], "fidelity_vs_ideal": 0.7041839108315446, "purity": 0.6159944199985202, "rho_real": [[0.24477659625771606, 0.20397497106481483, 0.10064320505401234, 0.0020842375578703776, -0.004231770833333333, -0.016877350983796297, -0.009598343460648147, -0.006876627604166666, -0.03355125144675926, -0.005850332754629633, 0.01217086226851852, 0.0013834635416666652, 0.011361581307870369, -0.0024007161458333335, -0.0045166015625, 0.0021972656250000004, -0.024362823109567906, -0.013802987557870369, -2.2605613425925267e-05, 0.004652235243055554, -0.0011800130208333333, -0.004272460937499998, -0.004353841145833333, 0.0012207031249999996, -0.005181206597222222, 0.006700303819444445, -0.00442165798611111, -0.003865559895833334, 0.001478407118055556, 0.002278645833333333, 0.014078776041666668, 0.007568359375], [0.20397497106481483, 0.28239836516203703, 0.16111020688657404, 0.08186246141975309, 0.019626193576388888, -0.009765625, -0.00920952690972222, -0.007862232349537037, -0.04527452256944445, -0.021778247974537035, -0.002061631944444446, -0.006004050925925927, 0.005520290798611111, 0.0027895326967592596, -1.0842021724855044e-19, 0.002237955729166667, -0.039338288483796294, -0.022735218942901238, -0.00546603732638889, 0.0009539568865740743, -0.008477105034722222, 0.0002034505208333339, 0.002034505208333333, -0.0007731119791666663, 0.006971571180555557, 0.004069010416666666, -0.0096435546875, 0.005506727430555556, 0.002278645833333333, -0.005683051215277776, 0.00927734375, -0.008870442708333334], [0.10064320505401234, 0.16111020688657404, 0.17402404031635801, 0.10956488715277779, 0.04116482204861111, 0.008287217881944444, -0.004747178819444444, -0.004100658275462963, -0.02761501736111111, -0.013020833333333332, -0.005872938368055554, -0.0026765046296296302, 0.004109700520833333, 0.00016276041666666663, 0.000809280960648148, 0.004597981770833332, -0.0306396484375, -0.012437608506944446, -0.007688922646604939, 0.0024188006365740747, 0.004977756076388888, 0.0005696614583333333, 0.005764431423611111, 0.010945638020833336, -0.0009494357638888892, -0.00012207031249999957, 0.0018988715277777775, -0.007134331597222223, -0.006591796875000001, 0.003173828125, 0.001478407118055556, 0.003255208333333333], [0.0020842375578703776, 0.08186246141975309, 0.10956488715277779, 0.10961311246141976, 0.03318956163194445, 0.010023328993055556, -0.0010172526041666663, 0.004964192708333333, -0.024983723958333332, -0.018446180555555552, -0.004503038194444444, -0.004625108506944444, 0.0007324218750000001, 0.0015869140625000004, 0.0017768012152777775, -0.0012523509837962961, -0.022718641493055556, -0.011542426215277778, -0.005429868344907407, 0.00034059124228395105, -0.0023600260416666665, -0.008856879340277778, 0.0028347439236111114, -0.00033908420138888985, 0.0050048828125, 0.005560980902777777, -0.005886501736111111, 0.0004069010416666664, 0.0029296875, 0.002197265625, 0.001790364583333333, 0.000664605034722222], [-0.004231770833333333, 0.019626193576388888, 0.04116482204861111, 0.03318956163194445, 0.03986123167438273, 0.02236147280092592, 0.004352334104938273, 0.0011619285300925927, -0.006035698784722222, -0.007609049479166666, 0.0005289713541666667, -0.0033365885416666665, -0.003512912326388888, -0.0026222511574074073, -0.0036711516203703706, -0.002115885416666666, -0.0023012514467592596, -0.007039388020833334, -0.009616427951388888, 0.0033365885416666665, -0.003502363040123457, -0.0008364076967592587, 0.0013337311921296307, 0.0021294487847222225, 0.005438910590277776, 0.00024414062499999978, -0.004801432291666666, -0.00048828125, 0.00029839409722222246, -0.0011935763888888888, 0.0011121961805555555, 0.003702799479166666], [-0.016877350983796297, -0.009765625, 0.008287217881944444, 0.010023328993055556, 0.02236147280092592, 0.01979347511574073, -0.0009449146412037045, 0.010039906442901234, -0.004679361979166668, -0.006306966145833334, -0.0034179687500000004, -0.0018310546874999998, 0.000922309027777778, -0.0003119574652777771, 0.002577039930555556, 0.0006148726851851836, -0.00017632378472222246, -0.004824037905092593, 0.005126953124999999, 0.01479763454861111, 0.004118742766203704, 0.0034420814043209878, -0.0035942925347222225, -0.0030608000578703698, 0.0007324218749999996, -0.005140516493055557, -0.004150390625, -0.001383463541666666, -0.0015733506944444447, -0.00021701388888888899, 0.0091552734375, 0.00029839409722222246], [-0.009598343460648147, -0.00920952690972222, -0.004747178819444444, -0.0010172526041666663, 0.004352334104938273, -0.0009449146412037045, 0.006055290316358021, -0.002766927083333332, -0.00012207031249999978, 0.003255208333333333, -0.003404405381944444, 0.007527669270833334, -0.003092447916666666, -0.005940755208333332, 0.0007279007523148151, 0.005271629050925926, 0.0042724609375, -0.0005696614583333335, -0.007075557002314814, -0.0014241536458333333, -0.00649685329861111, -0.0032416449652777775, -0.0012056327160493829, 8.590133101851814e-05, -0.000732421875, 0.00927734375, -0.009535047743055556, -0.0017089843749999998, -0.001437717013888889, 0.004516601562500001, -0.0005967881944444445, 0.004014756944444444], [-0.006876627604166666, -0.007862232349537037, -0.004100658275462963, 0.004964192708333333, 0.0011619285300925927, 0.010039906442901234, -0.002766927083333332, 0.004072024498456789, -0.003173828125, -0.002644856770833333, -0.0015869140624999996, 0.0012071397569444445, 0.002604166666666667, 0.003472222222222222, -0.002088758680555556, 0.0005651403356481473, 0.0023600260416666665, 0.0021565755208333343, 0.003160264756944445, 0.005375614872685185, 0.0016140407986111114, 0.001044379340277778, -0.0020118995949074073, -0.004135320216049383, -0.005126953125, -0.000732421875, 0.005126953124999999, 0.009670681423611108, -0.0006103515624999996, -0.0007866753472222222, 0.004611545138888888, -0.003065321180555556], [-0.03355125144675926, -0.04527452256944445, -0.02761501736111111, -0.024983723958333332, -0.006035698784722222, -0.004679361979166668, -0.00012207031249999978, -0.003173828125, 0.028474030671296297, 0.005841290509259259, 0.011224440586419755, 0.01833315248842593, 0.0024323640046296294, 0.0009449146412037041, 0.004887333622685185, 0.005818684895833333, -0.005479600694444446, 0.0032823350694444445, -0.006917317708333335, -0.00020345052083333337, -0.005520290798611112, 0.0015462239583333335, 0.0029296875, -0.000732421875, 0.0007746190200617275, -0.001270435474537038, -0.0009177879050925931, -0.008287217881944446, 0.004299587673611111, 0.0025634765624999996, 0.003377278645833333, -0.00439453125], [-0.005850332754629633, -0.021778247974537035, -0.013020833333333332, -0.018446180555555552, -0.007609049479166666, -0.006306966145833334, 0.003255208333333333, -0.002644856770833333, 0.005841290509259259, 0.006398895640432101, 0.014869972511574077, 0.003131630979938278, 0.0025092230902777762, 0.0038972077546296294, -0.001885308159722222, 0.004344798900462962, 0.001274956597222222, 0.006971571180555556, 0.0021565755208333335, 0.006754557291666667, -0.0007324218750000001, -0.0011257595486111114, -0.00244140625, -0.009765625, -0.005267107928240741, 0.002673490547839505, -0.0019666883680555555, -0.005637839988425925, 0.010565863715277778, 0.001288519965277778, -0.0021158854166666665, -0.0018310546874999987], [0.01217086226851852, -0.002061631944444446, -0.005872938368055554, -0.004503038194444444, 0.0005289713541666667, -0.0034179687500000004, -0.003404405381944444, -0.0015869140624999996, 0.011224440586419755, 0.014869972511574077, 0.010817539544753084, 2.7126736111111882e-05, 0.004923502604166667, -0.006361219618055555, -0.0003074363425925922, 0.0018400969328703706, 0.0002983940972222214, -0.001505533854166666, 0.004909939236111111, 0.0024685329861111106, -0.005208333333333333, 0.002197265625, 0.007012261284722222, -0.001383463541666667, 0.00025770399305555377, -0.005520290798611112, -0.0008349006558641982, -0.0013246889467592605, 0.0009901258680555555, 0.0008138020833333333, -0.004706488715277778, -0.006632486979166668], [0.0013834635416666652, -0.006004050925925927, -0.0026765046296296302, -0.004625108506944444, -0.0033365885416666665, -0.0018310546874999998, 0.007527669270833334, 0.0012071397569444445, 0.01833315248842593, 0.003131630979938278, 2.7126736111111882e-05, -9.042245370376699e-06, 0.0008002387152777782, -0.0031060112847222203, -0.000393337673611111, -0.003128616898148148, 0.002970377604166666, -0.005398220486111111, 0.0020887586805555555, 0.0014105902777777775, 0.00732421875, 0.006998697916666668, 0.001708984375, -0.0017768012152777784, -0.0009901258680555564, -1.356336805555464e-05, 0.0012975622106481477, -0.001974223572530864, 0.003255208333333334, 0.0008273654513888896, -0.004489474826388888, 0.0013970269097222225], [0.011361581307870369, 0.005520290798611111, 0.004109700520833333, 0.0007324218750000001, -0.003512912326388888, 0.000922309027777778, -0.003092447916666666, 0.002604166666666667, 0.0024323640046296294, 0.0025092230902777762, 0.004923502604166667, 0.0008002387152777782, 0.0051631221064814825, 0.0006058304398148077, -0.0010820553626543251, -0.0003300419560185192, 0.0032145182291666665, -0.0016276041666666674, 0.0027669270833333335, 0.00439453125, 0.005262586805555555, 0.0035264756944444454, 0.004475911458333333, -0.0014241536458333335, -0.005664966724537037, 0.002237955729166667, 0.0007188585069444446, 0.0035807291666666665, -0.001368393132716049, -0.0003481264467592579, 0.0004385489004629624, 0.003838433159722223], [-0.0024007161458333335, 0.0027895326967592596, 0.00016276041666666663, 0.0015869140625000004, -0.0026222511574074073, -0.0003119574652777771, -0.005940755208333332, 0.003472222222222222, 0.0009449146412037041, 0.0038972077546296294, -0.006361219618055555, -0.0031060112847222203, 0.0006058304398148077, 0.001027801890432097, -0.0021656177662037045, -0.0013081114969135804, -0.003092447916666667, -0.0010172526041666667, -0.001708984375, -0.003092447916666666, 0.0021701388888888886, -0.002794053819444445, -0.0015055338541666665, -0.0033365885416666665, 0.00014919704861111101, 0.0010895905671296298, -0.0029296875, -0.003187391493055556, -0.0008725766782407413, -0.0013141396604938265, -0.0010715060763888886, 0.0020661530671296294], [-0.0045166015625, -1.0842021724855044e-19, 0.000809280960648148, 0.0017768012152777775, -0.0036711516203703706, 0.002577039930555556, 0.0007279007523148151, -0.002088758680555556, 0.004887333622685185, -0.001885308159722222, -0.0003074363425925922, -0.000393337673611111, -0.0010820553626543251, -0.0021656177662037045, 0.00524751639660494, 0.0018988715277777797, 0.000813802083333333, 0.0009765625, 0.002400716145833333, 0.008138020833333334, 0.002739800347222222, 0.005086263020833333, -0.0007866753472222219, -0.003634982638888889, -0.0023193359374999996, -0.0003255208333333335, 0.002581561053240741, -0.0019124348958333335, 0.000637478298611111, 0.0017225477430555564, 0.002176167052469136, 0.0008997034143518518], [0.0021972656250000004, 0.002237955729166667, 0.004597981770833332, -0.0012523509837962961, -0.002115885416666666, 0.0006148726851851836, 0.005271629050925926, 0.0005651403356481473, 0.005818684895833333, 0.004344798900462962, 0.0018400969328703706, -0.003128616898148148, -0.0003300419560185192, -0.0013081114969135804, 0.0018988715277777797, 0.0016185619212962963, -0.003173828125, 0.00032552083333333304, 0.002278645833333334, 0.0006103515625, 0.001261393229166667, 0.0019259982638888892, -0.003363715277777778, -0.002332899305555556, 0.00016276041666666674, 0.0014241536458333335, -0.00042046440972222246, -0.00010398582175925961, -9.494357638888844e-05, 0.0005289713541666674, -0.0001672815393518527, 0.0004943094135802474], [-0.024362823109567906, -0.039338288483796294, -0.0306396484375, -0.022718641493055556, -0.0023012514467592596, -0.00017632378472222246, 0.0042724609375, 0.0023600260416666665, -0.005479600694444446, 0.001274956597222222, 0.0002983940972222214, 0.002970377604166666, 0.0032145182291666665, -0.003092447916666667, 0.000813802083333333, -0.003173828125, 0.02224392361111111, 0.011230468749999997, 0.004144362461419757, 0.003467701099537035, -0.0036440248842592596, -0.001333731192129628, 0.004100658275462962, -0.002888997395833334, 0.0017044632523148164, -0.00289351851851852, -0.0007685908564814808, 0.005045572916666667, -0.0038022641782407413, 0.003458658854166666, 0.0008544921875000004, 0.0048828125], [-0.013802987557870369, -0.022735218942901238, -0.012437608506944446, -0.011542426215277778, -0.007039388020833334, -0.004824037905092593, -0.0005696614583333335, 0.0021565755208333343, 0.0032823350694444445, 0.006971571180555556, -0.001505533854166666, -0.005398220486111111, -0.0016276041666666674, -0.0010172526041666667, 0.0009765625, 0.00032552083333333304, 0.011230468749999997, 0.01575761959876539, 0.0014693648726851888, 0.002290702160493827, 0.0006103515624999987, 0.006555627893518518, -0.0009901258680555568, 0.0009539568865740743, 0.0030924479166666635, -0.0023102936921296302, -0.0006781684027777775, 0.0015643084490740734, -0.000827365451388889, -0.0011438440393518518, -0.0007324218750000004, 0.001261393229166667], [-2.2605613425925267e-05, -0.00546603732638889, -0.007688922646604939, -0.005429868344907407, -0.009616427951388888, 0.005126953124999999, -0.007075557002314814, 0.003160264756944445, -0.006917317708333335, 0.0021565755208333335, 0.004909939236111111, 0.0020887586805555555, 0.0027669270833333335, -0.001708984375, 0.002400716145833333, 0.002278645833333334, 0.004144362461419757, 0.0014693648726851888, 0.00925323109567899, 0.004548249421296301, 0.003702799479166667, -0.002536349826388889, 0.0018627025462962963, 0.0005380135995370376, -0.003933376736111112, -0.005126953125, -0.003169307002314814, 0.00044307002314814773, -0.0014241536458333333, -0.002034505208333334, -0.0003571686921296296, -0.003214518229166667], [0.004652235243055554, 0.0009539568865740743, 0.0024188006365740747, 0.00034059124228395105, 0.0033365885416666665, 0.01479763454861111, -0.0014241536458333333, 0.005375614872685185, -0.00020345052083333337, 0.006754557291666667, 0.0024685329861111106, 0.0014105902777777775, 0.00439453125, -0.003092447916666666, 0.008138020833333334, 0.0006103515625, 0.003467701099537035, 0.002290702160493827, 0.004548249421296301, -0.0016095196759259257, 0.002183702256944445, -0.002048068576388889, 0.00356716579861111, -0.005895543981481482, 0.005045572916666666, 0.0013292100694444445, -0.003499348958333333, 0.0005199291087962963, 0.0068359375, -0.002482096354166667, -0.0026177300347222216, 0.001975730613425926], [-0.0011800130208333333, -0.008477105034722222, 0.004977756076388888, -0.0023600260416666665, -0.003502363040123457, 0.004118742766203704, -0.00649685329861111, 0.0016140407986111114, -0.005520290798611112, -0.0007324218750000001, -0.005208333333333333, 0.00732421875, 0.005262586805555555, 0.0021701388888888886, 0.002739800347222222, 0.001261393229166667, -0.0036440248842592596, 0.0006103515624999987, 0.003702799479166667, 0.002183702256944445, 0.008246527777777773, 0.0016547309027777728, 0.001060956790123458, -0.002500180844907404, -0.002373589409722222, 0.001505533854166667, -0.004353841145833334, 0.0027669270833333335, -0.0023283781828703706, 0.00033456307870370367, -0.0016366464120370367, 8.138020833333348e-05], [-0.004272460937499998, 0.0002034505208333339, 0.0005696614583333333, -0.008856879340277778, -0.0008364076967592587, 0.0034420814043209878, -0.0032416449652777775, 0.001044379340277778, 0.0015462239583333335, -0.0011257595486111114, 0.002197265625, 0.006998697916666668, 0.0035264756944444454, -0.002794053819444445, 0.005086263020833333, 0.0019259982638888892, -0.001333731192129628, 0.006555627893518518, -0.002536349826388889, -0.002048068576388889, 0.0016547309027777728, -0.002543885030864207, 0.004616066261574075, -0.002366054205246916, 4.0690104166666414e-05, -0.002156575520833333, 0.0012207031249999996, 0.0006103515624999998, -0.004421657986111111, 0.0029884620949074086, 0.002495659722222222, -0.0002803096064814808], [-0.004353841145833333, 0.002034505208333333, 0.005764431423611111, 0.0028347439236111114, 0.0013337311921296307, -0.0035942925347222225, -0.0012056327160493829, -0.0020118995949074073, 0.0029296875, -0.00244140625, 0.007012261284722222, 0.001708984375, 0.004475911458333333, -0.0015055338541666665, -0.0007866753472222219, -0.003363715277777778, 0.004100658275462962, -0.0009901258680555568, 0.0018627025462962963, 0.00356716579861111, 0.001060956790123458, 0.004616066261574075, -0.00165171682098766, -0.001501012731481486, 4.0690104166666305e-05, -0.002360026041666667, 0.0012342664930555553, -0.004842122395833334, 0.005289713541666668, 0.00537109375, 0.0002848307291666678, -0.00039785879629629503], [0.0012207031249999996, -0.0007731119791666663, 0.010945638020833336, -0.00033908420138888985, 0.0021294487847222225, -0.0030608000578703698, 8.590133101851814e-05, -0.004135320216049383, -0.000732421875, -0.009765625, -0.001383463541666667, -0.0017768012152777784, -0.0014241536458333335, -0.0033365885416666665, -0.003634982638888889, -0.002332899305555556, -0.002888997395833334, 0.0009539568865740743, 0.0005380135995370376, -0.005895543981481482, -0.002500180844907404, -0.002366054205246916, -0.001501012731481486, 0.002387152777777779, 0.00537109375, 0.002888997395833333, 0.0031331380208333335, 0.0014512803819444443, -0.001057942708333333, -0.0018174913194444445, 0.0008680555555555564, -0.0010172526041666665], [-0.005181206597222222, 0.006971571180555557, -0.0009494357638888892, 0.0050048828125, 0.005438910590277776, 0.0007324218749999996, -0.000732421875, -0.005126953125, 0.0007746190200617275, -0.005267107928240741, 0.00025770399305555377, -0.0009901258680555564, -0.005664966724537037, 0.00014919704861111101, -0.0023193359374999996, 0.00016276041666666674, 0.0017044632523148164, 0.0030924479166666635, -0.003933376736111112, 0.005045572916666666, -0.002373589409722222, 4.0690104166666414e-05, 4.0690104166666305e-05, 0.00537109375, 0.004364390432098772, 0.003200954861111112, -0.001886815200617278, -0.0025815610532407343, -0.0012659143518518523, 0.00021249276620370324, -0.002735279224537035, 0.001017252604166667], [0.006700303819444445, 0.004069010416666666, -0.00012207031249999957, 0.005560980902777777, 0.00024414062499999978, -0.005140516493055557, 0.00927734375, -0.000732421875, -0.001270435474537038, 0.002673490547839505, -0.005520290798611112, -1.356336805555464e-05, 0.002237955729166667, 0.0010895905671296298, -0.0003255208333333335, 0.0014241536458333335, -0.00289351851851852, -0.0023102936921296302, -0.005126953125, 0.0013292100694444445, 0.001505533854166667, -0.002156575520833333, -0.002360026041666667, 0.002888997395833333, 0.003200954861111112, -0.002357011959876536, -0.00105342158564814, -0.0005395206404320962, 9.494357638888942e-05, -0.0026222511574074073, -0.0014784071180555568, -0.00034812644675925875], [-0.00442165798611111, -0.0096435546875, 0.0018988715277777775, -0.005886501736111111, -0.004801432291666666, -0.004150390625, -0.009535047743055556, 0.005126953124999999, -0.0009177879050925931, -0.0019666883680555555, -0.0008349006558641982, 0.0012975622106481477, 0.0007188585069444446, -0.0029296875, 0.002581561053240741, -0.00042046440972222246, -0.0007685908564814808, -0.0006781684027777775, -0.003169307002314814, -0.003499348958333333, -0.004353841145833334, 0.0012207031249999996, 0.0012342664930555553, 0.0031331380208333335, -0.001886815200617278, -0.00105342158564814, 0.00030743634259260567, -0.0014738859953703672, -0.003404405381944445, 0.005276150173611112, -0.0038429542824074078, -0.0019847728587962963], [-0.003865559895833334, 0.005506727430555556, -0.007134331597222223, 0.0004069010416666664, -0.00048828125, -0.001383463541666666, -0.0017089843749999998, 0.009670681423611108, -0.008287217881944446, -0.005637839988425925, -0.0013246889467592605, -0.001974223572530864, 0.0035807291666666665, -0.003187391493055556, -0.0019124348958333335, -0.00010398582175925961, 0.005045572916666667, 0.0015643084490740734, 0.00044307002314814773, 0.0005199291087962963, 0.0027669270833333335, 0.0006103515624999998, -0.004842122395833334, 0.0014512803819444443, -0.0025815610532407343, -0.0005395206404320962, -0.0014738859953703672, 0.004183545524691361, -0.0009087456597222222, 0.0022379557291666652, -0.002644856770833334, 0.002233434606481481], [0.001478407118055556, 0.002278645833333333, -0.006591796875000001, 0.0029296875, 0.00029839409722222246, -0.0015733506944444447, -0.001437717013888889, -0.0006103515624999996, 0.004299587673611111, 0.010565863715277778, 0.0009901258680555555, 0.003255208333333334, -0.001368393132716049, -0.0008725766782407413, 0.000637478298611111, -9.494357638888844e-05, -0.0038022641782407413, -0.000827365451388889, -0.0014241536458333333, 0.0068359375, -0.0023283781828703706, -0.004421657986111111, 0.005289713541666668, -0.001057942708333333, -0.0012659143518518523, 9.494357638888942e-05, -0.003404405381944445, -0.0009087456597222222, -0.001639660493827167, -0.0015462239583333322, -0.002040533371913577, 7.68590856481486e-05], [0.002278645833333333, -0.005683051215277776, 0.003173828125, 0.002197265625, -0.0011935763888888888, -0.00021701388888888899, 0.004516601562500001, -0.0007866753472222222, 0.0025634765624999996, 0.001288519965277778, 0.0008138020833333333, 0.0008273654513888896, -0.0003481264467592579, -0.0013141396604938265, 0.0017225477430555564, 0.0005289713541666674, 0.003458658854166666, -0.0011438440393518518, -0.002034505208333334, -0.002482096354166667, 0.00033456307870370367, 0.0029884620949074086, 0.00537109375, -0.0018174913194444445, 0.00021249276620370324, -0.0026222511574074073, 0.005276150173611112, 0.0022379557291666652, -0.0015462239583333322, 0.0024172935956790114, -0.0003481264467592605, 0.0006630979938271608], [0.014078776041666668, 0.00927734375, 0.001478407118055556, 0.001790364583333333, 0.0011121961805555555, 0.0091552734375, -0.0005967881944444445, 0.004611545138888888, 0.003377278645833333, -0.0021158854166666665, -0.004706488715277778, -0.004489474826388888, 0.0004385489004629624, -0.0010715060763888886, 0.002176167052469136, -0.0001672815393518527, 0.0008544921875000004, -0.0007324218750000004, -0.0003571686921296296, -0.0026177300347222216, -0.0016366464120370367, 0.002495659722222222, 0.0002848307291666678, 0.0008680555555555564, -0.002735279224537035, -0.0014784071180555568, -0.0038429542824074078, -0.002644856770833334, -0.002040533371913577, -0.0003481264467592605, 0.0022786458333333382, 0.0015371817129629685], [0.007568359375, -0.008870442708333334, 0.003255208333333333, 0.000664605034722222, 0.003702799479166666, 0.00029839409722222246, 0.004014756944444444, -0.003065321180555556, -0.00439453125, -0.0018310546874999987, -0.006632486979166668, 0.0013970269097222225, 0.003838433159722223, 0.0020661530671296294, 0.0008997034143518518, 0.0004943094135802474, 0.0048828125, 0.001261393229166667, -0.003214518229166667, 0.001975730613425926, 8.138020833333348e-05, -0.0002803096064814808, -0.00039785879629629503, -0.0010172526041666665, 0.001017252604166667, -0.00034812644675925875, -0.0019847728587962963, 0.002233434606481481, 7.68590856481486e-05, 0.0006630979938271608, 0.0015371817129629685, -0.0009705343364197578]], "rho_imag": [[0.0, 0.11816858362268517, 0.15020827305169754, 0.1322021484375, 0.06272153501157407, 0.019264503761574073, -0.006352177372685185, -0.004041883680555556, -0.030232747395833332, -0.02157931857638889, -0.005140516493055556, 0.008490668402777778, 0.006989655671296296, 0.006930881076388889, 0.007310655381944444, -0.0025634765625, -0.0243944709683642, -0.009987160011574073, -0.00912814670138889, 0.007188585069444444, 0.0007369429976851847, 0.0002983940972222227, 0.0024414062499999996, -0.0013834635416666663, 0.010800962094907404, 0.004069010416666666, -0.005208333333333334, -0.00024414062500000043, -0.000583224826388889, 0.0023193359375, 0.001180013020833333, 0.00390625], [-0.11816858362268517, 0.0, 0.08000126591435185, 0.11705940152391976, 0.06400553385416666, 0.033261899594907406, 0.000895182291666667, 0.004742657696759258, -0.006216543692129631, -0.006777162905092593, -0.007269965277777778, -0.001858181423611111, -0.003458658854166667, 0.00042498553240740756, -0.0005289713541666664, -0.001641167534722222, -0.020738389756944444, -0.011066201292438273, -0.010470920138888888, -0.0022650824652777775, 0.0004611545138888892, -0.00476978443287037, 0.007568359375, 0.003987630208333334, 0.007134331597222222, 0.00936324508101852, -0.006347656250000001, 0.005452473958333333, 0.0019124348958333328, 0.0010443793402777775, 0.003173828125, 0.001912434895833333], [-0.15020827305169754, -0.08000126591435185, 0.0, 0.04896827980324075, 0.026950412326388888, 0.006157769097222223, 0.006062825520833336, 0.0034224898726851853, 0.014237015335648147, -0.0017632378472222225, -0.006388346354166666, 0.005737304687500001, 0.004191080729166666, 0.008829752604166668, -0.0027759693287037037, 0.0003390842013888892, -0.00572826244212963, -0.0018717447916666667, -0.012422538097993825, -0.0033139829282407404, 0.005154079861111111, -0.003011067708333333, 0.0005470558449074071, 0.003390842013888889, 0.005859375, -0.00024414062500000043, -0.0018129701967592596, -0.0011393229166666665, 0.00020345052083333304, 0.0, -0.004570855034722222, 0.0030517578124999996], [-0.1322021484375, -0.11705940152391976, -0.04896827980324075, 0.0, 0.005452473958333333, 0.007554796006944442, 0.0076904296875000035, 0.009589301215277776, 0.01491970486111111, 0.0033049406828703698, 0.0021113642939814825, -0.001161928530092592, 0.0015869140625000004, -0.0032958984375, 0.0023193359375, -6.329571759259287e-05, 0.005750868055555556, 0.009218569155092594, 0.004163953993055556, 0.0013940128279320988, 0.0008951822916666667, -0.0014377170138888888, -0.001166449652777778, -0.0010534215856481477, 0.0021158854166666665, 0.000895182291666667, -0.0010036892361111112, -0.0024368851273148147, -0.000732421875, 0.002888997395833333, -0.00028483072916666706, 0.0024278428819444445], [-0.06272153501157407, -0.06400553385416666, -0.026950412326388888, -0.005452473958333333, 0.0, 0.003142180266203703, 0.001318660783179014, 0.006958007812499998, 0.001256872106481482, -0.0008544921875000002, -0.008721245659722222, 0.006713867187500001, -0.0012071397569444436, 0.003675672743055556, -0.002237955729166666, -0.000461154513888889, 0.00992386429398148, 0.005262586805555555, -0.0018717447916666665, -0.004150390625000001, -0.004284517264660493, 0.0003481264467592596, 0.003729926215277778, 0.002387152777777778, 0.003350151909722222, -0.0002034505208333337, 0.005249023437500001, 0.00244140625, -0.0006193938078703702, -0.0006510416666666661, 0.00634765625, -0.0034179687500000004], [-0.019264503761574073, -0.033261899594907406, -0.006157769097222223, -0.007554796006944442, -0.003142180266203703, 0.0, -0.0009720413773148164, 7.083092206790209e-05, 0.001559787326388889, 0.004891854745370371, 0.0019124348958333335, 0.009345160590277776, -0.0024459273726851844, 0.0014693648726851844, -0.0033637152777777762, -0.002210828993055555, 0.004177517361111111, -0.0015507450810185186, -0.003336588541666667, 0.0024414062500000004, 0.0014784071180555555, 0.004920488522376544, 0.0034450954861111114, -0.0004747178819444443, -0.002400716145833334, 0.0007459852430555556, 0.007568359375, -0.003784179687499999, -0.0021430121527777775, -0.0002667462384259259, -0.0007324218749999996, -0.009358723958333332], [0.006352177372685185, -0.000895182291666667, -0.006062825520833336, -0.0076904296875000035, -0.001318660783179014, 0.0009720413773148164, 0.0, -0.0002486617476851827, 0.004001193576388888, -0.001912434895833333, -9.946469907407408e-05, -0.0012613932291666663, -0.008251048900462963, 0.001654730902777778, -0.004163953993055555, -0.0015597873263888883, 0.0021972656249999996, 0.0013834635416666663, 0.0024640118634259266, -0.004828559027777778, 0.0004566333912037039, -0.0014648437500000004, 0.004269446855709878, -0.0006284360532407408, 0.006876627604166665, 0.00341796875, -0.001288519965277778, -0.0004475911458333333, 0.000813802083333333, 0.00048828125, -0.0018400969328703704, 0.0014648437500000004], [0.004041883680555556, -0.004742657696759258, -0.0034224898726851853, -0.009589301215277776, -0.006958007812499998, -7.083092206790209e-05, 0.0002486617476851827, 0.0, -0.006876627604166665, -0.0025092230902777775, 0.008639865451388888, -0.0021610966435185184, -0.0020073784722222225, 0.0032778139467592596, -0.0025815610532407413, 0.0001401548032407406, -0.006754557291666667, -0.0026041666666666665, -0.00314670138888889, 0.0020571108217592596, 0.005669487847222222, 0.004010235821759259, 0.0001763237847222216, -0.0003601827739197535, -0.009033203125, -0.003133138020833333, -0.0006917317708333335, -0.00047471788194444417, -0.0020345052083333335, 0.0017089843750000002, -2.712673611111123e-05, 0.0022560402199074078], [0.030232747395833332, 0.006216543692129631, -0.014237015335648147, -0.01491970486111111, -0.001256872106481482, -0.001559787326388889, -0.004001193576388888, 0.006876627604166665, 0.0, 0.0016140407986111223, 0.0018521532600308602, -0.008178710937500007, -0.003919813368055552, 0.0032054759837962963, 0.0024640118634259257, 0.00824652777777778, 0.006469726562499998, -0.0026312934027777775, 0.007676866319444443, 0.00048828125, -0.0038113064236111106, 0.005655924479166667, -0.001993815104166667, -0.007080078125, -0.005261079764660492, -0.004941587094907407, 0.0009358723958333333, -0.008680555555555556, 0.001740632233796297, 0.0018446180555555555, -0.0026041666666666665, -0.002360026041666667], [0.02157931857638889, 0.006777162905092593, 0.0017632378472222225, -0.0033049406828703698, 0.0008544921875000002, -0.004891854745370371, 0.001912434895833333, 0.0025092230902777775, -0.0016140407986111223, 0.0, -0.006451642071759264, -0.006557134934413582, -0.0050048828125, 0.005303276909722223, -0.0011393229166666665, -0.0007640697337962965, -0.0032009548611111114, -0.002237955729166666, 0.0033365885416666674, -0.002332899305555554, 0.0008544921875000002, 0.002536349826388889, -0.005859375, -0.002237955729166667, -0.0003933376736111106, -0.0009388864776234567, -0.00013563368055555464, -0.002943250868055556, -0.0005967881944444442, 0.0012794777199074073, -0.000732421875, -0.0020345052083333335], [0.005140516493055556, 0.007269965277777778, 0.006388346354166666, -0.0021113642939814825, 0.008721245659722222, -0.0019124348958333335, 9.946469907407408e-05, -0.008639865451388888, -0.0018521532600308602, 0.006451642071759264, 0.0, 0.0015869140625000026, 0.001966688368055556, 0.008192274305555558, 0.0032778139467592605, -0.0010805483217592596, 0.001763237847222223, -0.0068359375, -0.002617730034722223, 0.0014377170138888894, -0.002970377604166667, -0.010009765625, 0.002943250868055555, -0.005330403645833333, 0.0014603226273148147, -0.00341796875, 0.0024790822723765437, 0.0009177879050925931, 0.0007595486111111109, 0.003336588541666667, -0.0005651403356481488, -0.00043402777777777797], [-0.008490668402777778, 0.001858181423611111, -0.005737304687500001, 0.001161928530092592, -0.006713867187500001, -0.009345160590277776, 0.0012613932291666663, 0.0021610966435185184, 0.008178710937500007, 0.006557134934413582, -0.0015869140625000026, 0.0, -0.0006510416666666663, 0.003078884548611112, 0.0013427734374999991, -0.004317672164351852, -0.005289713541666666, -0.006618923611111112, 0.0005425347222222221, 0.002183702256944445, -0.0078125, -0.001261393229166667, 0.0015869140625000002, 0.001966688368055555, 0.003390842013888888, -0.0027985749421296294, -0.0020209418402777775, 0.00045361930941358, 0.001871744791666666, -0.0009494357638888887, 0.002170138888888889, 0.0009268301504629629], [-0.006989655671296296, 0.003458658854166667, -0.004191080729166666, -0.0015869140625000004, 0.0012071397569444436, 0.0024459273726851844, 0.008251048900462963, 0.0020073784722222225, 0.003919813368055552, 0.0050048828125, -0.001966688368055556, 0.0006510416666666663, 0.0, -0.00023961950231481122, -1.0549286265430086e-05, -0.0012613932291666674, 0.00023057725694444428, -0.0035400390625000004, 0.0033772786458333335, 0.000244140625, -0.00044759114583333326, 0.0006239149305555551, -0.004692925347222222, 0.003173828125, 0.0016502097800925933, -0.0034450954861111106, -0.0038248697916666665, -0.003662109375, -0.0008846330054012343, 0.00034812644675926026, -0.0024820963541666665, 0.0016547309027777784], [-0.006930881076388889, -0.00042498553240740756, -0.008829752604166668, 0.0032958984375, -0.003675672743055556, -0.0014693648726851844, -0.001654730902777778, -0.0032778139467592596, -0.0032054759837962963, -0.005303276909722223, -0.008192274305555558, -0.003078884548611112, 0.00023961950231481122, 0.0, 0.00404640480324074, 0.0036244333526234615, -0.003621419270833333, -0.005466037326388888, 0.00341796875, -0.007609049479166667, 0.007866753472222224, 0.0020751953125, -0.006673177083333334, 0.0018988715277777778, -0.0016004774305555555, 0.0004295066550925925, 0.003499348958333334, -0.0024414062500000004, -0.00210232204861111, -0.0013367452739197526, -0.0003797743055555553, 0.003078884548611112], [-0.007310655381944444, 0.0005289713541666664, 0.0027759693287037037, -0.0023193359375, 0.002237955729166666, 0.0033637152777777762, 0.004163953993055555, 0.0025815610532407413, -0.0024640118634259257, 0.0011393229166666665, -0.0032778139467592605, -0.0013427734374999991, 1.0549286265430086e-05, -0.00404640480324074, 0.0, 0.00011302806712963024, -0.002482096354166667, -0.003662109375, 0.003078884548611111, 0.0010986328125000002, 0.001763237847222222, 0.003662109374999999, 0.0005560980902777778, 0.001274956597222222, 0.001546223958333333, -0.002522786458333333, -0.0027171947337962963, 0.002577039930555556, -0.000818323206018519, 0.003336588541666667, -0.0007942105516975301, -0.00046567563657407387], [0.0025634765625, 0.001641167534722222, -0.0003390842013888892, 6.329571759259287e-05, 0.000461154513888889, 0.002210828993055555, 0.0015597873263888883, -0.0001401548032407406, -0.00824652777777778, 0.0007640697337962965, 0.0010805483217592596, 0.004317672164351852, 0.0012613932291666674, -0.0036244333526234615, -0.00011302806712963024, 0.0, 0.00244140625, 0.0011800130208333333, 0.003946940104166666, 0.005683051215277778, 0.0003255208333333335, 0.001193576388888889, -0.004503038194444444, -0.003919813368055555, 0.005452473958333333, -0.0003255208333333334, 0.001329210069444445, 0.001270435474537037, -0.002061631944444444, 0.00013111255787037106, 0.002292209201388889, -0.0004325207368827155], [0.0243944709683642, 0.020738389756944444, 0.00572826244212963, -0.005750868055555556, -0.00992386429398148, -0.004177517361111111, -0.0021972656249999996, 0.006754557291666667, -0.006469726562499998, 0.0032009548611111114, -0.001763237847222223, 0.005289713541666666, -0.00023057725694444428, 0.003621419270833333, 0.002482096354166667, -0.00244140625, 0.0, 0.0019486038773148147, -0.003962010513117266, -0.0029703776041666665, 0.005149558738425925, 0.006813331886574075, 0.006397388599537038, -0.001600477430555556, 0.0007821542245370354, -0.000583224826388889, -0.0018581814236111119, -0.005913628472222222, -0.0013382523148148147, -0.008043077256944444, 0.0002305772569444445, 0.0013427734375], [0.009987160011574073, 0.011066201292438273, 0.0018717447916666667, -0.009218569155092594, -0.005262586805555555, 0.0015507450810185186, -0.0013834635416666663, 0.0026041666666666665, 0.0026312934027777775, 0.002237955729166666, 0.0068359375, 0.006618923611111112, 0.0035400390625000004, 0.005466037326388888, 0.003662109375, -0.0011800130208333333, -0.0019486038773148147, 0.0, -0.005475079571759259, -0.002008885513117285, 0.00023057725694444146, 0.0022741247106481495, 0.0010579427083333335, -0.0033411096643518514, -0.003449616608796297, -0.0035942925347222207, -0.0008409288194444436, -0.001505533854166666, 0.00044759114583333326, -0.0007414641203703706, -4.069010416666685e-05, 6.781684027777775e-05], [0.00912814670138889, 0.010470920138888888, 0.012422538097993825, -0.004163953993055556, 0.0018717447916666665, 0.003336588541666667, -0.0024640118634259266, 0.00314670138888889, -0.007676866319444443, -0.0033365885416666674, 0.002617730034722223, -0.0005425347222222221, -0.0033772786458333335, -0.00341796875, -0.003078884548611111, -0.003946940104166666, 0.003962010513117266, 0.005475079571759259, 0.0, 0.003115053530092591, 0.00741916232638889, 0.005018446180555556, 0.0011709707754629642, -0.0010534215856481473, -0.0015778718171296292, 0.001736111111111111, -0.00027578848379629763, -0.005818684895833334, -0.0002848307291666665, -0.0038655598958333335, 0.0027307581018518523, 0.002454969618055555], [-0.007188585069444444, 0.0022650824652777775, 0.0033139829282407404, -0.0013940128279320988, 0.004150390625000001, -0.0024414062500000004, 0.004828559027777778, -0.0020571108217592596, -0.00048828125, 0.002332899305555554, -0.0014377170138888894, -0.002183702256944445, -0.000244140625, 0.007609049479166667, -0.0010986328125000002, -0.005683051215277778, 0.0029703776041666665, 0.002008885513117285, -0.003115053530092591, 0.0, 8.138020833333326e-05, 0.002020941840277778, 0.0007188585069444445, -0.0025725188078703706, -0.0011121961805555555, -0.00014015480324074082, -0.0009810836226851853, -0.002373589409722222, -0.0008544921874999996, 4.069010416666652e-05, -0.0010986328124999998, -0.0010669849537037037], [-0.0007369429976851847, -0.0004611545138888892, -0.005154079861111111, -0.0008951822916666667, 0.004284517264660493, -0.0014784071180555555, -0.0004566333912037039, -0.005669487847222222, 0.0038113064236111106, -0.0008544921875000002, 0.002970377604166667, 0.0078125, 0.00044759114583333326, -0.007866753472222224, -0.001763237847222222, -0.0003255208333333335, -0.005149558738425925, -0.00023057725694444146, -0.00741916232638889, -8.138020833333326e-05, 0.0, 0.0006917317708333356, 0.00350688416280864, 0.0010172526041666648, 0.002097800925925926, 0.0009358723958333337, -0.00017632378472222203, -0.0035400390624999996, -0.0017677589699074078, 0.00042046440972222246, 0.000556098090277778, 0.0022243923611111114], [-0.0002983940972222227, 0.00476978443287037, 0.003011067708333333, 0.0014377170138888888, -0.0003481264467592596, -0.004920488522376544, 0.0014648437500000004, -0.004010235821759259, -0.005655924479166667, -0.002536349826388889, 0.010009765625, 0.001261393229166667, -0.0006239149305555551, -0.0020751953125, -0.003662109374999999, -0.001193576388888889, -0.006813331886574075, -0.0022741247106481495, -0.005018446180555556, -0.002020941840277778, -0.0006917317708333356, 0.0, 0.005348488136574073, 0.0018792799961419668, 0.006279839409722223, -0.0004521122685185186, -0.006876627604166667, -0.0026177300347222225, -0.0014693648726851853, 0.0010715060763888883, 0.001600477430555556, 0.003512912326388889], [-0.0024414062499999996, -0.007568359375, -0.0005470558449074071, 0.001166449652777778, -0.003729926215277778, -0.0034450954861111114, -0.004269446855709878, -0.0001763237847222216, 0.001993815104166667, 0.005859375, -0.002943250868055555, -0.0015869140625000002, 0.004692925347222222, 0.006673177083333334, -0.0005560980902777778, 0.004503038194444444, -0.006397388599537038, -0.0010579427083333335, -0.0011709707754629642, -0.0007188585069444445, -0.00350688416280864, -0.005348488136574073, 0.0, 0.000935872395833333, -0.0008002387152777775, -0.0033772786458333335, 0.0018807870370370371, 0.0010172526041666672, 0.004091616030092593, 0.0007595486111111114, 0.0032506872106481477, 0.0016954210069444451], [0.0013834635416666663, -0.003987630208333334, -0.003390842013888889, 0.0010534215856481477, -0.002387152777777778, 0.0004747178819444443, 0.0006284360532407408, 0.0003601827739197535, 0.007080078125, 0.002237955729166667, 0.005330403645833333, -0.001966688368055555, -0.003173828125, -0.0018988715277777778, -0.001274956597222222, 0.003919813368055555, 0.001600477430555556, 0.0033411096643518514, 0.0010534215856481473, 0.0025725188078703706, -0.0010172526041666648, -0.0018792799961419668, -0.000935872395833333, 0.0, 0.0028889973958333335, 0.0024549696180555555, -0.004706488715277778, 0.0014467592592592596, 0.0019802517361111114, -0.00130